-0.5 3 1 1
-0.499 3 1 1
-0.498 3 1 1
-0.497 3 1 1
-0.496 3 1 1
-0.495 3 1 1
-0.494 3 1 1
-0.493 3 1 1
-0.492 3 1 1
-0.491 3 1 1
-0.49 3 1 1
-0.489 3 1 1
-0.488 3 1 1
-0.487 3 1 1
-0.486 3 1 1
-0.485 3 1 1
-0.484 3 1 1
-0.483 3 1 1
-0.482 3 1 1
-0.481 3 1 1
-0.48 3 1 1
-0.479 3 1 1
-0.478 3 1 1
-0.477 3 1 1
-0.476 3 1 1
-0.475 3 1 1
-0.474 3 1 1
-0.473 3 1 1
-0.472 3 1 1
-0.471 3 1 1
-0.47 3 1 1
-0.469 3 1 1
-0.468 3 1 1
-0.467 3 1 1
-0.466 3 1 1
-0.465 3 1 1
-0.464 3 1 1
-0.463 3 1 1
-0.462 3 1 1
-0.461 3 1 1
-0.46 3 1 1
-0.459 3 1 1
-0.458 3 1 1
-0.457 3 1 1
-0.456 3 1 1
-0.455 3 1 1
-0.454 3 1 1
-0.453 3 1 1
-0.452 3 1 1
-0.451 3 1 1
-0.45 3 1 1
-0.449 3 1 1
-0.448 3 1 1
-0.447 3 1 1
-0.446 3 1 1
-0.445 3 1 1
-0.444 3 1 1
-0.443 3 1 1
-0.442 3 1 1
-0.441 3 1 1
-0.44 3 1 1
-0.439 3 1 1
-0.438 3 1 1
-0.437 3 1 1
-0.436 3 1 1
-0.435 3 1 1
-0.434 3 1 1
-0.433 3 1 1
-0.432 3 1 1
-0.431 3 1 1
-0.43 3 1 1
-0.429 3 1 1
-0.428 3 1 1
-0.427 3 1 1
-0.426 3 1 1
-0.425 3 1 1
-0.424 3 1 1
-0.423 3 1 1
-0.422 3 1 1
-0.421 3 1 1
-0.42 3 1 1
-0.419 3 1 1
-0.418 3 1 1
-0.417 3 1 1
-0.416 3 1 1
-0.415 3 1 1
-0.414 3 1 1
-0.413 3 1 1
-0.412 3 1 1
-0.411 3 1 1
-0.41 3 1 1
-0.409 3 1 1
-0.408 3 1 1
-0.407 3 1 1
-0.406 3 1 1
-0.405 3 1 1
-0.404 3 1 1
-0.403 3 1 1
-0.402 3 1 1
-0.401 3 1 1
-0.4 3 1 1
-0.399 3 1 1
-0.398 3 1 1
-0.397 3 1 1
-0.396 3 1 1
-0.395 3 1 1
-0.394 3 1 1
-0.393 3 1 1
-0.392 3 1 1
-0.391 3 1 1
-0.39 3 1 1
-0.389 3 1 1
-0.388 3 1 1
-0.387 3 1 1
-0.386 3 1 1
-0.385 3 1 1
-0.384 3 1 1
-0.383 3 1 1
-0.382 3 1 1
-0.381 3 1 1
-0.38 3 1 1
-0.379 3 1 1
-0.378 3 1 1
-0.377 3 1 1
-0.376 3 1 1
-0.375 3 1 1
-0.374 3 1 1
-0.373 3 1 1
-0.372 3 1 1
-0.371 3 1 1
-0.37 3 1 1
-0.369 3 1 1
-0.368 3 1 1
-0.367 3 1 1
-0.366 3 1 1
-0.365 3 1 1
-0.364 3 1 1
-0.363 3 1 1
-0.362 3 1 1
-0.361 3 1 1
-0.36 3 1 1
-0.359 3 1 1
-0.358 3 1 1
-0.357 3 1 1
-0.356 3 1 1
-0.355 3 1 1
-0.354 3 1 1
-0.353 3 1 1
-0.352 3 1 1
-0.351 3 1 1
-0.35 3 1 1
-0.349 3 1 1
-0.348 3 1 1
-0.347 3 1 1
-0.346 3 1 1
-0.345 3 1 1
-0.344 3 1 1
-0.343 3 1 1
-0.342 3 1 1
-0.341 3 1 1
-0.34 3 1 1
-0.339 3 1 1
-0.338 3 1 1
-0.337 3 1 1
-0.336 3 1 1
-0.335 3 1 1
-0.334 3 1 1
-0.333 3 1 1
-0.332 3 1 1
-0.331 3 1 1
-0.33 3 1 1
-0.329 3 1 1
-0.328 3 1 1
-0.327 3 1 1
-0.326 3 1 1
-0.325 3 1 1
-0.324 3 1 1
-0.323 3 1 1
-0.322 3 1 1
-0.321 3 1 1
-0.32 3 1 1
-0.319 3 1 1
-0.318 3 1 1
-0.317 3 1 1
-0.316 3 1 1
-0.315 3 1 1
-0.314 3 1 1
-0.313 3 1 1
-0.312 3 1 1
-0.311 3 1 1
-0.31 3 1 1
-0.309 3 1 1
-0.308 3 1 1
-0.307 3 1 1
-0.306 3 1 1
-0.305 3 1 1
-0.304 3 1 1
-0.303 3 1 1
-0.302 3 1 1
-0.301 3 1 1
-0.3 3 1 1
-0.299 3 1 1
-0.298 3 1 1
-0.297 3 1 1
-0.296 3 1 1
-0.295 3 1 1
-0.294 3 1 1
-0.293 3 1 1
-0.292 3 1 1
-0.291 3 1 1
-0.29 3 1 1
-0.289 3 1 1
-0.288 3 1 1
-0.287 3 1 1
-0.286 3 1 1
-0.285 3 1 1
-0.284 3 1 1
-0.283 3 1 1
-0.282 3 1 1
-0.281 3 1 1
-0.28 3 1 1
-0.279 3 1 1
-0.278 3 1 1
-0.277 3 1 1
-0.276 3 1 1
-0.275 3 1 1
-0.274 3 1 1
-0.273 3 1 1
-0.272 3 1 1
-0.271 3 1 1
-0.27 3 1 1
-0.269 3 1 1
-0.268 3 1 1
-0.267 3 1 1
-0.266 3 1 1
-0.265 3 1 1
-0.264 3 1 1
-0.263 3 1 1
-0.262 3 1 1
-0.261 3 1 1
-0.26 3 1 1
-0.259 3 1 1
-0.258 3 1 1
-0.257 3 1 1
-0.256 3 1 1
-0.255 3 1 1
-0.254 3 1 1
-0.253 3 1 1
-0.252 3 1 1
-0.251 3 1 1
-0.25 3 1 1
-0.249 3 1 1
-0.248 3 1 1
-0.247 3 1 1
-0.246 3 1 1
-0.245 3 1 1
-0.244 3 1 1
-0.243 3 1 1
-0.242 3 1 1
-0.241 3 1 1
-0.24 3 1 1
-0.239 3 1 1
-0.238 3 1 1
-0.237 3 1 1
-0.236 3 1 1
-0.235 3 1 1
-0.234 3 1 1
-0.233 3 1 1
-0.232 3 1 1
-0.231 3 1 1
-0.23 3 1 1
-0.229 3 1 1
-0.228 3 1 1
-0.227 3 1 1
-0.226 3 1 1
-0.225 3 1 1
-0.224 3 1 1
-0.223 3 1 1
-0.222 3 1 1
-0.221 3 1 1
-0.22 3 1 1
-0.219 3 1 1
-0.218 3 1 1
-0.217 3 1 1
-0.216 3 1 1
-0.215 3 1 1
-0.214 3 1 1
-0.213 3 1 1
-0.212 3 1 1
-0.211 3 1 1
-0.21 3 1 1
-0.209 3 1 1
-0.208 3 1 1
-0.207 3 1 1
-0.206 3 1 1
-0.205 3 1 1
-0.204 3 1 1
-0.203 3 1 1
-0.202 3 1 1
-0.201 3 1 1
-0.2 3 1 1
-0.199 3 1 1
-0.198 3 1 1
-0.197 3 1 1
-0.196 3 1 1
-0.195 3 1 1
-0.194 3 1 1
-0.193 3 1 1
-0.192 3 1 1
-0.191 3 1 1
-0.19 3 1 1
-0.189 3 1 1
-0.188 3 1 1
-0.187 3 1 1
-0.186 3 1 1
-0.185 3 1 1
-0.184 3 1 1
-0.183 3 1 1
-0.182 3 1 1
-0.181 3 1 1
-0.18 3 1 1
-0.179 3 1 1
-0.178 3 1 1
-0.177 3 1 1
-0.176 3 1 1
-0.175 3 1 1
-0.174 3 1 1
-0.173 3 1 1
-0.172 3 1 1
-0.171 3 1 1
-0.17 3 1 1
-0.169 3 1 1
-0.168 3 1 1
-0.167 3 1 1
-0.166 4.57401 1.28491 0.409231
-0.165 4.57401 1.28491 0.409231
-0.164 4.57401 1.28491 0.409231
-0.163 4.57401 1.28491 0.409231
-0.162 4.57401 1.28491 0.409231
-0.161 4.57401 1.28491 0.409231
-0.16 4.57401 1.28491 0.409231
-0.159 4.57401 1.28491 0.409231
-0.158 4.57401 1.28491 0.409231
-0.157 4.57401 1.28491 0.409231
-0.156 4.57401 1.28491 0.409231
-0.155 4.57401 1.28491 0.409231
-0.154 4.57401 1.28491 0.409231
-0.153 4.57401 1.28491 0.409231
-0.152 4.57401 1.28491 0.409231
-0.151 4.57401 1.28491 0.409231
-0.15 4.57401 1.28491 0.409231
-0.149 4.57401 1.28491 0.409231
-0.148 4.57401 1.28491 0.409231
-0.147 4.57401 1.28491 0.409231
-0.146 4.57401 1.28491 0.409231
-0.145 4.57401 1.28491 0.409231
-0.144 4.57401 1.28491 0.409231
-0.143 4.57401 1.28491 0.409231
-0.142 4.57401 1.28491 0.409231
-0.141 4.57401 1.28491 0.409231
-0.14 4.57401 1.28491 0.409231
-0.139 4.57401 1.28491 0.409231
-0.138 4.57401 1.28491 0.409231
-0.137 4.57401 1.28491 0.409231
-0.136 4.57401 1.28491 0.409231
-0.135 4.57401 1.28491 0.409231
-0.134 4.57401 1.28491 0.409231
-0.133 4.57401 1.28491 0.409231
-0.132 4.57401 1.28491 0.409231
-0.131 4.57401 1.28491 0.409231
-0.13 4.57401 1.28491 0.409231
-0.129 4.57401 1.28491 0.409231
-0.128 4.57401 1.28491 0.409231
-0.127 4.57401 1.28491 0.409231
-0.126 4.57401 1.28491 0.409231
-0.125 4.57401 1.28491 0.409231
-0.124 4.57401 1.28491 0.409231
-0.123 4.57401 1.28491 0.409231
-0.122 4.57401 1.28491 0.409231
-0.121 4.57401 1.28491 0.409231
-0.12 4.57401 1.28491 0.409231
-0.119 4.57401 1.28491 0.409231
-0.118 4.57401 1.28491 0.409231
-0.117 4.57401 1.28491 0.409231
-0.116 4.57401 1.28491 0.409231
-0.115 4.57401 1.28491 0.409231
-0.114 4.57401 1.28491 0.409231
-0.113 4.57401 1.28491 0.409231
-0.112 4.57401 1.28491 0.409231
-0.111 4.57401 1.28491 0.409231
-0.11 4.57401 1.28491 0.409231
-0.109 4.57401 1.28491 0.409231
-0.108 4.57401 1.28491 0.409231
-0.107 4.57401 1.28491 0.409231
-0.106 4.57401 1.28491 0.409231
-0.105 4.57401 1.28491 0.409231
-0.104 4.57401 1.28491 0.409231
-0.103 4.57401 1.28491 0.409231
-0.102 4.57401 1.28491 0.409231
-0.101 4.57401 1.28491 0.409231
-0.1 4.57401 1.28491 0.409231
-0.099 4.57401 1.28491 0.409231
-0.098 4.57401 1.28491 0.409231
-0.097 4.57401 1.28491 0.409231
-0.096 4.57401 1.28491 0.409231
-0.095 4.57401 1.28491 0.409231
-0.094 4.57401 1.28491 0.409231
-0.093 4.57401 1.28491 0.409231
-0.092 4.57401 1.28491 0.409231
-0.091 4.57401 1.28491 0.409231
-0.09 4.57401 1.28491 0.409231
-0.089 4.57401 1.28491 0.409231
-0.088 4.57401 1.28491 0.409231
-0.087 4.57401 1.28491 0.409231
-0.086 4.57401 1.28491 0.409231
-0.085 4.57401 1.28491 0.409231
-0.084 4.57401 1.28491 0.409231
-0.083 4.57401 1.28491 0.409231
-0.082 4.57401 1.28491 0.409231
-0.081 4.57401 1.28491 0.409231
-0.08 4.57401 1.28491 0.409231
-0.079 4.57401 1.28491 0.409231
-0.078 4.57401 1.28491 0.409231
-0.077 4.57401 1.28491 0.409231
-0.076 4.57401 1.28491 0.409231
-0.075 4.57401 1.28491 0.409231
-0.074 4.57401 1.28491 0.409231
-0.073 4.57401 1.28491 0.409231
-0.072 4.57401 1.28491 0.409231
-0.071 4.57401 1.28491 0.409231
-0.07 4.57401 1.28491 0.409231
-0.069 4.57401 1.28491 0.409231
-0.068 4.57401 1.28491 0.409231
-0.067 4.57401 1.28491 0.409231
-0.066 4.57401 1.28491 0.409231
-0.065 4.57401 1.28491 0.409231
-0.064 4.57401 1.28491 0.409231
-0.063 4.57401 1.28491 0.409231
-0.062 4.57401 1.28491 0.409231
-0.061 4.57401 1.28491 0.409231
-0.06 4.57401 1.28491 0.409231
-0.059 4.57401 1.28491 0.409231
-0.058 4.57401 1.28491 0.409231
-0.057 4.57401 1.28491 0.409231
-0.056 4.57401 1.28491 0.409231
-0.055 4.57401 1.28491 0.409231
-0.054 4.57401 1.28491 0.409231
-0.053 4.57401 1.28491 0.409231
-0.052 4.57401 1.28491 0.409231
-0.051 4.57401 1.28491 0.409231
-0.05 4.57401 1.28491 0.409231
-0.049 4.57401 1.28491 0.409231
-0.048 4.57401 1.28491 0.409231
-0.047 4.57401 1.28491 0.409231
-0.046 4.57401 1.28491 0.409231
-0.045 4.57401 1.28491 0.409231
-0.044 4.57401 1.28491 0.409231
-0.043 4.57401 1.28491 0.409231
-0.042 4.57401 1.28491 0.409231
-0.041 4.57401 1.28491 0.409231
-0.04 4.57401 1.28491 0.409231
-0.039 4.57401 1.28491 0.409231
-0.038 4.57401 1.28491 0.409231
-0.037 4.57401 1.28491 0.409231
-0.036 4.57401 1.28491 0.409231
-0.035 4.57401 1.28491 0.409231
-0.034 4.57401 1.28491 0.409231
-0.033 4.57401 1.28491 0.409231
-0.032 4.57401 1.28491 0.409231
-0.031 4.57401 1.28491 0.409231
-0.03 4.57401 1.28491 0.409231
-0.029 4.57401 1.28491 0.409231
-0.028 4.57401 1.28491 0.409231
-0.027 4.57401 1.28491 0.409231
-0.026 4.57401 1.28491 0.409231
-0.025 4.57401 1.28491 0.409231
-0.024 4.57401 1.28491 0.409231
-0.023 4.57401 1.28491 0.409231
-0.022 4.57401 1.28491 0.409231
-0.021 4.57401 1.28491 0.409231
-0.02 4.57401 1.28491 0.409231
-0.019 4.57401 1.28491 0.409231
-0.018 4.57401 1.28491 0.409231
-0.017 4.57401 1.28491 0.409231
-0.016 4.57401 1.28491 0.409231
-0.015 4.57401 1.28491 0.409231
-0.014 4.57401 1.28491 0.409231
-0.013 4.57401 1.28491 0.409231
-0.012 4.57401 1.28491 0.409231
-0.011 4.57401 1.28491 0.409231
-0.01 4.57401 1.28491 0.409231
-0.009 4.57401 1.28491 0.409231
-0.008 4.57401 1.28491 0.409231
-0.007 4.57401 1.28491 0.409231
-0.006 4.57401 1.28491 0.409231
-0.005 4.57401 1.28491 0.409231
-0.004 4.57401 1.28491 0.409231
-0.003 4.57401 1.28491 0.409231
-0.002 4.57401 1.28491 0.409231
-0.001 4.57401 1.28491 0.409231
0 4.57401 1.28491 0.409231
0.001 4.57401 1.28491 0.409231
0.002 4.57401 1.28491 0.409231
0.003 4.57401 1.28491 0.409231
0.004 4.57401 1.28491 0.409231
0.005 4.57401 1.28491 0.409231
0.006 4.57401 1.28491 0.409231
0.007 4.57401 1.28491 0.409231
0.008 4.57401 1.28491 0.409231
0.009 4.57401 1.28491 0.409231
0.01 4.57401 1.28491 0.409231
0.011 4.57401 1.28491 0.409231
0.012 4.57401 1.28491 0.409231
0.013 4.57401 1.28491 0.409231
0.014 4.57401 1.28491 0.409231
0.015 4.57401 1.28491 0.409231
0.016 4.57401 1.28491 0.409231
0.017 4.57401 1.28491 0.409231
0.018 4.57401 1.28491 0.409231
0.019 4.57401 1.28491 0.409231
0.02 4.57401 1.28491 0.409231
0.021 4.57401 1.28491 0.409231
0.022 4.57401 1.28491 0.409231
0.023 4.57401 1.28491 0.409231
0.024 4.57401 1.28491 0.409231
0.025 4.57401 1.28491 0.409231
0.026 4.57401 1.28491 0.409231
0.027 4.57401 1.28491 0.409231
0.028 4.57401 1.28491 0.409231
0.029 4.57401 1.28491 0.409231
0.03 4.57401 1.28491 0.409231
0.031 4.57401 1.28491 0.409231
0.032 4.57401 1.28491 0.409231
0.033 4.57401 1.28491 0.409231
0.034 4.57401 1.28491 0.409231
0.035 4.57401 1.28491 0.409231
0.036 4.57401 1.28491 0.409231
0.037 4.57401 1.28491 0.409231
0.038 4.57401 1.28491 0.409231
0.039 4.57401 1.28491 0.409231
0.04 4.57401 1.28491 0.409231
0.041 4.57401 2.25053 0.409231
0.042 4.57401 2.25053 0.409231
0.043 4.57401 2.25053 0.409231
0.044 4.57401 2.25053 0.409231
0.045 4.57401 2.25053 0.409231
0.046 4.57401 2.25053 0.409231
0.047 4.57401 2.25053 0.409231
0.048 4.57401 2.25053 0.409231
0.049 4.57401 2.25053 0.409231
0.05 4.57401 2.25053 0.409231
0.051 4.57401 2.25053 0.409231
0.052 4.57401 2.25053 0.409231
0.053 4.57401 2.25053 0.409231
0.054 4.57401 2.25053 0.409231
0.055 4.57401 2.25053 0.409231
0.056 4.57401 2.25053 0.409231
0.057 4.57401 2.25053 0.409231
0.058 4.57401 2.25053 0.409231
0.059 4.57401 2.25053 0.409231
0.06 4.57401 2.25053 0.409231
0.061 4.57401 2.25053 0.409231
0.062 4.57401 2.25053 0.409231
0.063 4.57401 2.25053 0.409231
0.064 4.57401 2.25053 0.409231
0.065 4.57401 2.25053 0.409231
0.066 4.57401 2.25053 0.409231
0.067 4.57401 2.25053 0.409231
0.068 4.57401 2.25053 0.409231
0.069 4.57401 2.25053 0.409231
0.07 4.57401 2.25053 0.409231
0.071 4.57401 2.25053 0.409231
0.072 4.57401 2.25053 0.409231
0.073 4.57401 2.25053 0.409231
0.074 4.57401 2.25053 0.409231
0.075 4.57401 2.25053 0.409231
0.076 4.57401 2.25053 0.409231
0.077 4.57401 2.25053 0.409231
0.078 4.57401 2.25053 0.409231
0.079 4.57401 2.25053 0.409231
0.08 4.57401 2.25053 0.409231
0.081 4.57401 2.25053 0.409231
0.082 4.57401 2.25053 0.409231
0.083 4.57401 2.25053 0.409231
0.084 4.57401 2.25053 0.409231
0.085 4.57401 2.25053 0.409231
0.086 4.57401 2.25053 0.409231
0.087 4.57401 2.25053 0.409231
0.088 4.57401 2.25053 0.409231
0.089 4.57401 2.25053 0.409231
0.09 4.57401 2.25053 0.409231
0.091 4.57401 2.25053 0.409231
0.092 4.57401 2.25053 0.409231
0.093 4.57401 2.25053 0.409231
0.094 4.57401 2.25053 0.409231
0.095 4.57401 2.25053 0.409231
0.096 4.57401 2.25053 0.409231
0.097 4.57401 2.25053 0.409231
0.098 4.57401 2.25053 0.409231
0.099 4.57401 2.25053 0.409231
0.1 4.57401 2.25053 0.409231
0.101 4.57401 2.25053 0.409231
0.102 4.57401 2.25053 0.409231
0.103 4.57401 2.25053 0.409231
0.104 4.57401 2.25053 0.409231
0.105 4.57401 2.25053 0.409231
0.106 4.57401 2.25053 0.409231
0.107 4.57401 2.25053 0.409231
0.108 4.57401 2.25053 0.409231
0.109 4.57401 2.25053 0.409231
0.11 4.57401 2.25053 0.409231
0.111 4.57401 2.25053 0.409231
0.112 4.57401 2.25053 0.409231
0.113 4.57401 2.25053 0.409231
0.114 4.57401 2.25053 0.409231
0.115 4.57401 2.25053 0.409231
0.116 4.57401 2.25053 0.409231
0.117 4.57401 2.25053 0.409231
0.118 4.57401 2.25053 0.409231
0.119 4.57401 2.25053 0.409231
0.12 4.57401 2.25053 0.409231
0.121 4.57401 2.25053 0.409231
0.122 4.57401 2.25053 0.409231
0.123 4.57401 2.25053 0.409231
0.124 4.57401 2.25053 0.409231
0.125 4.57401 2.25053 0.409231
0.126 4.57401 2.25053 0.409231
0.127 4.57401 2.25053 0.409231
0.128 4.57401 2.25053 0.409231
0.129 4.57401 2.25053 0.409231
0.13 4.57401 2.25053 0.409231
0.131 4.57401 2.25053 0.409231
0.132 4.57401 2.25053 0.409231
0.133 4.57401 2.25053 0.409231
0.134 4.57401 2.25053 0.409231
0.135 4.57401 2.25053 0.409231
0.136 4.57401 2.25053 0.409231
0.137 4.57401 2.25053 0.409231
0.138 4.57401 2.25053 0.409231
0.139 4.57401 2.25053 0.409231
0.14 4.57401 2.25053 0.409231
0.141 4.57401 2.25053 0.409231
0.142 4.57401 2.25053 0.409231
0.143 4.57401 2.25053 0.409231
0.144 4.57401 2.25053 0.409231
0.145 4.57401 2.25053 0.409231
0.146 4.57401 2.25053 0.409231
0.147 4.57401 2.25053 0.409231
0.148 4.57401 2.25053 0.409231
0.149 4.57401 2.25053 0.409231
0.15 4.57401 2.25053 0.409231
0.151 4.57401 2.25053 0.409231
0.152 4.57401 2.25053 0.409231
0.153 4.57401 2.25053 0.409231
0.154 1 1 -1
0.155 1 1 -1
0.156 1 1 -1
0.157 1 1 -1
0.158 1 1 -1
0.159 1 1 -1
0.16 1 1 -1
0.161 1 1 -1
0.162 1 1 -1
0.163 1 1 -1
0.164 1 1 -1
0.165 1 1 -1
0.166 1 1 -1
0.167 1 1 -1
0.168 1 1 -1
0.169 1 1 -1
0.17 1 1 -1
0.171 1 1 -1
0.172 1 1 -1
0.173 1 1 -1
0.174 1 1 -1
0.175 1 1 -1
0.176 1 1 -1
0.177 1 1 -1
0.178 1 1 -1
0.179 1 1 -1
0.18 1 1 -1
0.181 1 1 -1
0.182 1 1 -1
0.183 1 1 -1
0.184 1 1 -1
0.185 1 1 -1
0.186 1 1 -1
0.187 1 1 -1
0.188 1 1 -1
0.189 1 1 -1
0.19 1 1 -1
0.191 1 1 -1
0.192 1 1 -1
0.193 1 1 -1
0.194 1 1 -1
0.195 1 1 -1
0.196 1 1 -1
0.197 1 1 -1
0.198 1 1 -1
0.199 1 1 -1
0.2 1 1 -1
0.201 1 1 -1
0.202 1 1 -1
0.203 1 1 -1
0.204 1 1 -1
0.205 1 1 -1
0.206 1 1 -1
0.207 1 1 -1
0.208 1 1 -1
0.209 1 1 -1
0.21 1 1 -1
0.211 1 1 -1
0.212 1 1 -1
0.213 1 1 -1
0.214 1 1 -1
0.215 1 1 -1
0.216 1 1 -1
0.217 1 1 -1
0.218 1 1 -1
0.219 1 1 -1
0.22 1 1 -1
0.221 1 1 -1
0.222 1 1 -1
0.223 1 1 -1
0.224 1 1 -1
0.225 1 1 -1
0.226 1 1 -1
0.227 1 1 -1
0.228 1 1 -1
0.229 1 1 -1
0.23 1 1 -1
0.231 1 1 -1
0.232 1 1 -1
0.233 1 1 -1
0.234 1 1 -1
0.235 1 1 -1
0.236 1 1 -1
0.237 1 1 -1
0.238 1 1 -1
0.239 1 1 -1
0.24 1 1 -1
0.241 1 1 -1
0.242 1 1 -1
0.243 1 1 -1
0.244 1 1 -1
0.245 1 1 -1
0.246 1 1 -1
0.247 1 1 -1
0.248 1 1 -1
0.249 1 1 -1
0.25 1 1 -1
0.251 1 1 -1
0.252 1 1 -1
0.253 1 1 -1
0.254 1 1 -1
0.255 1 1 -1
0.256 1 1 -1
0.257 1 1 -1
0.258 1 1 -1
0.259 1 1 -1
0.26 1 1 -1
0.261 1 1 -1
0.262 1 1 -1
0.263 1 1 -1
0.264 1 1 -1
0.265 1 1 -1
0.266 1 1 -1
0.267 1 1 -1
0.268 1 1 -1
0.269 1 1 -1
0.27 1 1 -1
0.271 1 1 -1
0.272 1 1 -1
0.273 1 1 -1
0.274 1 1 -1
0.275 1 1 -1
0.276 1 1 -1
0.277 1 1 -1
0.278 1 1 -1
0.279 1 1 -1
0.28 1 1 -1
0.281 1 1 -1
0.282 1 1 -1
0.283 1 1 -1
0.284 1 1 -1
0.285 1 1 -1
0.286 1 1 -1
0.287 1 1 -1
0.288 1 1 -1
0.289 1 1 -1
0.29 1 1 -1
0.291 1 1 -1
0.292 1 1 -1
0.293 1 1 -1
0.294 1 1 -1
0.295 1 1 -1
0.296 1 1 -1
0.297 1 1 -1
0.298 1 1 -1
0.299 1 1 -1
0.3 1 1 -1
0.301 1 1 -1
0.302 1 1 -1
0.303 1 1 -1
0.304 1 1 -1
0.305 1 1 -1
0.306 1 1 -1
0.307 1 1 -1
0.308 1 1 -1
0.309 1 1 -1
0.31 1 1 -1
0.311 1 1 -1
0.312 1 1 -1
0.313 1 1 -1
0.314 1 1 -1
0.315 1 1 -1
0.316 1 1 -1
0.317 1 1 -1
0.318 1 1 -1
0.319 1 1 -1
0.32 1 1 -1
0.321 1 1 -1
0.322 1 1 -1
0.323 1 1 -1
0.324 1 1 -1
0.325 1 1 -1
0.326 1 1 -1
0.327 1 1 -1
0.328 1 1 -1
0.329 1 1 -1
0.33 1 1 -1
0.331 1 1 -1
0.332 1 1 -1
0.333 1 1 -1
0.334 1 1 -1
0.335 1 1 -1
0.336 1 1 -1
0.337 1 1 -1
0.338 1 1 -1
0.339 1 1 -1
0.34 1 1 -1
0.341 1 1 -1
0.342 1 1 -1
0.343 1 1 -1
0.344 1 1 -1
0.345 1 1 -1
0.346 1 1 -1
0.347 1 1 -1
0.348 1 1 -1
0.349 1 1 -1
0.35 1 1 -1
0.351 1 1 -1
0.352 1 1 -1
0.353 1 1 -1
0.354 1 1 -1
0.355 1 1 -1
0.356 1 1 -1
0.357 1 1 -1
0.358 1 1 -1
0.359 1 1 -1
0.36 1 1 -1
0.361 1 1 -1
0.362 1 1 -1
0.363 1 1 -1
0.364 1 1 -1
0.365 1 1 -1
0.366 1 1 -1
0.367 1 1 -1
0.368 1 1 -1
0.369 1 1 -1
0.37 1 1 -1
0.371 1 1 -1
0.372 1 1 -1
0.373 1 1 -1
0.374 1 1 -1
0.375 1 1 -1
0.376 1 1 -1
0.377 1 1 -1
0.378 1 1 -1
0.379 1 1 -1
0.38 1 1 -1
0.381 1 1 -1
0.382 1 1 -1
0.383 1 1 -1
0.384 1 1 -1
0.385 1 1 -1
0.386 1 1 -1
0.387 1 1 -1
0.388 1 1 -1
0.389 1 1 -1
0.39 1 1 -1
0.391 1 1 -1
0.392 1 1 -1
0.393 1 1 -1
0.394 1 1 -1
0.395 1 1 -1
0.396 1 1 -1
0.397 1 1 -1
0.398 1 1 -1
0.399 1 1 -1
0.4 1 1 -1
0.401 1 1 -1
0.402 1 1 -1
0.403 1 1 -1
0.404 1 1 -1
0.405 1 1 -1
0.406 1 1 -1
0.407 1 1 -1
0.408 1 1 -1
0.409 1 1 -1
0.41 1 1 -1
0.411 1 1 -1
0.412 1 1 -1
0.413 1 1 -1
0.414 1 1 -1
0.415 1 1 -1
0.416 1 1 -1
0.417 1 1 -1
0.418 1 1 -1
0.419 1 1 -1
0.42 1 1 -1
0.421 1 1 -1
0.422 1 1 -1
0.423 1 1 -1
0.424 1 1 -1
0.425 1 1 -1
0.426 1 1 -1
0.427 1 1 -1
0.428 1 1 -1
0.429 1 1 -1
0.43 1 1 -1
0.431 1 1 -1
0.432 1 1 -1
0.433 1 1 -1
0.434 1 1 -1
0.435 1 1 -1
0.436 1 1 -1
0.437 1 1 -1
0.438 1 1 -1
0.439 1 1 -1
0.44 1 1 -1
0.441 1 1 -1
0.442 1 1 -1
0.443 1 1 -1
0.444 1 1 -1
0.445 1 1 -1
0.446 1 1 -1
0.447 1 1 -1
0.448 1 1 -1
0.449 1 1 -1
0.45 1 1 -1
0.451 1 1 -1
0.452 1 1 -1
0.453 1 1 -1
0.454 1 1 -1
0.455 1 1 -1
0.456 1 1 -1
0.457 1 1 -1
0.458 1 1 -1
0.459 1 1 -1
0.46 1 1 -1
0.461 1 1 -1
0.462 1 1 -1
0.463 1 1 -1
0.464 1 1 -1
0.465 1 1 -1
0.466 1 1 -1
0.467 1 1 -1
0.468 1 1 -1
0.469 1 1 -1
0.47 1 1 -1
0.471 1 1 -1
0.472 1 1 -1
0.473 1 1 -1
0.474 1 1 -1
0.475 1 1 -1
0.476 1 1 -1
0.477 1 1 -1
0.478 1 1 -1
0.479 1 1 -1
0.48 1 1 -1
0.481 1 1 -1
0.482 1 1 -1
0.483 1 1 -1
0.484 1 1 -1
0.485 1 1 -1
0.486 1 1 -1
0.487 1 1 -1
0.488 1 1 -1
0.489 1 1 -1
0.49 1 1 -1
0.491 1 1 -1
0.492 1 1 -1
0.493 1 1 -1
0.494 1 1 -1
0.495 1 1 -1
0.496 1 1 -1
0.497 1 1 -1
0.498 1 1 -1
0.499 1 1 -1

