-0.5 3 1 0
-0.499 3 1 0
-0.498 3 1 0
-0.497 3 1 0
-0.496 3 1 0
-0.495 3 1 0
-0.494 3 1 0
-0.493 3 1 0
-0.492 3 1 0
-0.491 3 1 0
-0.49 3 1 0
-0.489 3 1 0
-0.488 3 1 0
-0.487 3 1 0
-0.486 3 1 0
-0.485 3 1 0
-0.484 3 1 0
-0.483 3 1 0
-0.482 3 1 0
-0.481 3 1 0
-0.48 3 1 0
-0.479 3 1 0
-0.478 3 1 0
-0.477 3 1 0
-0.476 3 1 0
-0.475 3 1 0
-0.474 3 1 0
-0.473 3 1 0
-0.472 3 1 0
-0.471 3 1 0
-0.47 3 1 0
-0.469 3 1 0
-0.468 3 1 0
-0.467 3 1 0
-0.466 3 1 0
-0.465 3 1 0
-0.464 3 1 0
-0.463 3 1 0
-0.462 3 1 0
-0.461 3 1 0
-0.46 3 1 0
-0.459 3 1 0
-0.458 3 1 0
-0.457 3 1 0
-0.456 3 1 0
-0.455 3 1 0
-0.454 3 1 0
-0.453 3 1 0
-0.452 3 1 0
-0.451 3 1 0
-0.45 3 1 0
-0.449 3 1 0
-0.448 3 1 0
-0.447 3 1 0
-0.446 3 1 0
-0.445 3 1 0
-0.444 3 1 0
-0.443 3 1 0
-0.442 3 1 0
-0.441 3 1 0
-0.44 3 1 0
-0.439 3 1 0
-0.438 3 1 0
-0.437 3 1 0
-0.436 3 1 0
-0.435 3 1 0
-0.434 3 1 0
-0.433 3 1 0
-0.432 3 1 0
-0.431 3 1 0
-0.43 3 1 0
-0.429 3 1 0
-0.428 3 1 0
-0.427 3 1 0
-0.426 3 1 0
-0.425 3 1 0
-0.424 3 1 0
-0.423 3 1 0
-0.422 3 1 0
-0.421 3 1 0
-0.42 3 1 0
-0.419 3 1 0
-0.418 3 1 0
-0.417 3 1 0
-0.416 3 1 0
-0.415 3 1 0
-0.414 3 1 0
-0.413 3 1 0
-0.412 3 1 0
-0.411 3 1 0
-0.41 3 1 0
-0.409 3 1 0
-0.408 3 1 0
-0.407 3 1 0
-0.406 3 1 0
-0.405 3 1 0
-0.404 3 1 0
-0.403 3 1 0
-0.402 3 1 0
-0.401 3 1 0
-0.4 3 1 0
-0.399 3 1 0
-0.398 3 1 0
-0.397 3 1 0
-0.396 3 1 0
-0.395 3 1 0
-0.394 3 1 0
-0.393 3 1 0
-0.392 3 1 0
-0.391 3 1 0
-0.39 3 1 0
-0.389 3 1 0
-0.388 3 1 0
-0.387 3 1 0
-0.386 3 1 0
-0.385 3 1 0
-0.384 3 1 0
-0.383 3 1 0
-0.382 3 1 0
-0.381 3 1 0
-0.38 3 1 0
-0.379 3 1 0
-0.378 3 1 0
-0.377 3 1 0
-0.376 3 1 0
-0.375 3 1 0
-0.374 3 1 0
-0.373 3 1 0
-0.372 3 1 0
-0.371 3 1 0
-0.37 3 1 0
-0.369 3 1 0
-0.368 3 1 0
-0.367 3 1 0
-0.366 3 1 0
-0.365 3 1 0
-0.364 3 1 0
-0.363 3 1 0
-0.362 3 1 0
-0.361 3 1 0
-0.36 3 1 0
-0.359 3 1 0
-0.358 3 1 0
-0.357 3 1 0
-0.356 3 1 0
-0.355 3 1 0
-0.354 3 1 0
-0.353 3 1 0
-0.352 3 1 0
-0.351 3 1 0
-0.35 3 1 0
-0.349 3 1 0
-0.348 3 1 0
-0.347 3 1 0
-0.346 3 1 0
-0.345 3 1 0
-0.344 3 1 0
-0.343 3 1 0
-0.342 3 1 0
-0.341 3 1 0
-0.34 3 1 0
-0.339 3 1 0
-0.338 3 1 0
-0.337 3 1 0
-0.336 3 1 0
-0.335 3 1 0
-0.334 3 1 0
-0.333 3 1 0
-0.332 3 1 0
-0.331 3 1 0
-0.33 3 1 0
-0.329 3 1 0
-0.328 3 1 0
-0.327 3 1 0
-0.326 3 1 0
-0.325 3 1 0
-0.324 3 1 0
-0.323 3 1 0
-0.322 3 1 0
-0.321 3 1 0
-0.32 3 1 0
-0.319 3 1 0
-0.318 3 1 0
-0.317 3 1 0
-0.316 3 1 0
-0.315 3 1 0
-0.314 3 1 0
-0.313 3 1 0
-0.312 3 1 0
-0.311 3 1 0
-0.31 3 1 0
-0.309 3 1 0
-0.308 3 1 0
-0.307 3 1 0
-0.306 3 1 0
-0.305 3 1 0
-0.304 3 1 0
-0.303 3 1 0
-0.302 3 1 0
-0.301 3 1 0
-0.3 3 1 0
-0.299 3 1 0
-0.298 3 1 0
-0.297 3 1 0
-0.296 3 1 0
-0.295 3 1 0
-0.294 3 1 0
-0.293 3 1 0
-0.292 3 1 0
-0.291 3 1 0
-0.29 3 1 0
-0.289 3 1 0
-0.288 3 1 0
-0.287 3 1 0
-0.286 3 1 0
-0.285 3 1 0
-0.284 3 1 0
-0.283 3 1 0
-0.282 3 1 0
-0.281 3 1 0
-0.28 3 1 0
-0.279 3 1 0
-0.278 3 1 0
-0.277 3 1 0
-0.276 3 1 0
-0.275 3 1 0
-0.274 3 1 0
-0.273 3 1 0
-0.272 3 1 0
-0.271 3 1 0
-0.27 3 1 0
-0.269 3 1 0
-0.268 3 1 0
-0.267 3 1 0
-0.266 3 1 0
-0.265 3 1 0
-0.264 3 1 0
-0.263 3 1 0
-0.262 3 1 0
-0.261 3 1 0
-0.26 3 1 0
-0.259 3 1 0
-0.258 3 1 0
-0.257 3 1 0
-0.256 3 1 0
-0.255 3 1 0
-0.254 3 1 0
-0.253 3 1 0
-0.252 3 1 0
-0.251 3 1 0
-0.25 3 1 0
-0.249 3 1 0
-0.248 3 1 0
-0.247 3 1 0
-0.246 3 1 0
-0.245 3 1 0
-0.244 3 1 0
-0.243 3 1 0
-0.242 3 1 0
-0.241 3 1 0
-0.24 3 1 0
-0.239 3 1 0
-0.238 3 1 0
-0.237 3 1 0
-0.236 3 1 0
-0.235 3 1 0
-0.234 3 1 0
-0.233 3 1 0
-0.232 3 1 0
-0.231 3 1 0
-0.23 3 1 0
-0.229 3 1 0
-0.228 3 1 0
-0.227 3 1 0
-0.226 3 1 0
-0.225 3 1 0
-0.224 3 1 0
-0.223 2.98984 0.997966 0.00455098
-0.222 2.97315 0.99462 0.012051
-0.221 2.95654 0.991282 0.019551
-0.22 2.94 0.987951 0.027051
-0.219 2.92353 0.984628 0.034551
-0.218 2.90714 0.981312 0.042051
-0.217 2.89083 0.978003 0.049551
-0.216 2.87458 0.974702 0.057051
-0.215 2.85841 0.971409 0.064551
-0.214 2.84231 0.968123 0.072051
-0.213 2.82629 0.964844 0.079551
-0.212 2.81033 0.961573 0.087051
-0.211 2.79445 0.958309 0.094551
-0.21 2.77865 0.955052 0.102051
-0.209 2.76291 0.951803 0.109551
-0.208 2.74724 0.948561 0.117051
-0.207 2.73165 0.945327 0.124551
-0.206 2.71612 0.9421 0.132051
-0.205 2.70067 0.93888 0.139551
-0.204 2.68529 0.935668 0.147051
-0.203 2.66997 0.932463 0.154551
-0.202 2.65473 0.929265 0.162051
-0.201 2.63956 0.926075 0.169551
-0.2 2.62446 0.922892 0.177051
-0.199 2.60942 0.919716 0.184551
-0.198 2.59446 0.916548 0.192051
-0.197 2.57956 0.913386 0.199551
-0.196 2.56473 0.910233 0.207051
-0.195 2.54997 0.907086 0.214551
-0.194 2.53528 0.903947 0.222051
-0.193 2.52066 0.900815 0.229551
-0.192 2.5061 0.89769 0.237051
-0.191 2.49161 0.894572 0.244551
-0.19 2.47719 0.891462 0.252051
-0.189 2.46283 0.888358 0.259551
-0.188 2.44854 0.885262 0.267051
-0.187 2.43432 0.882174 0.274551
-0.186 2.42017 0.879092 0.282051
-0.185 2.40608 0.876018 0.289551
-0.184 2.39205 0.872951 0.297051
-0.183 2.37809 0.869891 0.304551
-0.182 2.3642 0.866838 0.312051
-0.181 2.35037 0.863792 0.319551
-0.18 2.33661 0.860753 0.327051
-0.179 2.32291 0.857722 0.334551
-0.178 2.30927 0.854698 0.342051
-0.177 2.2957 0.85168 0.349551
-0.176 2.2822 0.84867 0.357051
-0.175 2.26875 0.845667 0.364551
-0.174 2.25537 0.842671 0.372051
-0.173 2.24206 0.839682 0.379551
-0.172 2.2288 0.836701 0.387051
-0.171 2.21561 0.833726 0.394551
-0.17 2.20248 0.830758 0.402051
-0.169 2.18942 0.827798 0.409551
-0.168 2.17641 0.824844 0.417051
-0.167 2.16347 0.821898 0.424551
-0.166 2.15059 0.818958 0.432051
-0.165 2.13777 0.816026 0.439551
-0.164 2.12501 0.8131 0.447051
-0.163 2.11232 0.810182 0.454551
-0.162 2.09968 0.80727 0.462051
-0.161 2.0871 0.804366 0.469551
-0.16 2.07459 0.801469 0.477051
-0.159 2.06213 0.798578 0.484551
-0.158 2.04974 0.795694 0.492051
-0.157 2.0374 0.792818 0.499551
-0.156 2.02513 0.789948 0.507051
-0.155 2.01291 0.787085 0.514551
-0.154 2.00075 0.78423 0.522051
-0.153 1.98865 0.781381 0.529551
-0.152 1.97661 0.778539 0.537051
-0.151 1.96463 0.775704 0.544551
-0.15 1.95271 0.772875 0.552051
-0.149 1.94915 0.772031 0.554293
-0.148 1.94915 0.772031 0.554293
-0.147 1.94915 0.772031 0.554293
-0.146 1.94915 0.772031 0.554293
-0.145 1.94915 0.772031 0.554293
-0.144 1.94915 0.772031 0.554293
-0.143 1.94915 0.772031 0.554293
-0.142 1.94915 0.772031 0.554293
-0.141 1.94915 0.772031 0.554293
-0.14 1.94915 0.772031 0.554293
-0.139 1.94915 0.772031 0.554293
-0.138 1.94915 0.772031 0.554293
-0.137 1.94915 0.772031 0.554293
-0.136 1.94915 0.772031 0.554293
-0.135 1.94915 0.772031 0.554293
-0.134 1.94915 0.772031 0.554293
-0.133 1.94915 0.772031 0.554293
-0.132 1.94915 0.772031 0.554293
-0.131 1.94915 0.772031 0.554293
-0.13 1.94915 0.772031 0.554293
-0.129 1.94915 0.772031 0.554293
-0.128 1.94915 0.772031 0.554293
-0.127 1.94915 0.772031 0.554293
-0.126 1.94915 0.772031 0.554293
-0.125 1.94915 0.772031 0.554293
-0.124 1.94915 0.772031 0.554293
-0.123 1.94915 0.772031 0.554293
-0.122 1.94915 0.772031 0.554293
-0.121 1.94915 0.772031 0.554293
-0.12 1.94915 0.772031 0.554293
-0.119 1.94915 0.772031 0.554293
-0.118 1.94915 0.772031 0.554293
-0.117 1.94915 0.772031 0.554293
-0.116 1.94915 0.772031 0.554293
-0.115 1.94915 0.772031 0.554293
-0.114 1.94915 0.772031 0.554293
-0.113 1.94915 0.772031 0.554293
-0.112 1.94915 0.772031 0.554293
-0.111 1.94915 0.772031 0.554293
-0.11 1.94915 0.772031 0.554293
-0.109 1.94915 0.772031 0.554293
-0.108 1.94915 0.772031 0.554293
-0.107 1.94915 0.772031 0.554293
-0.106 1.94915 0.772031 0.554293
-0.105 1.94915 0.772031 0.554293
-0.104 1.94915 0.772031 0.554293
-0.103 1.94915 0.772031 0.554293
-0.102 1.94915 0.772031 0.554293
-0.101 1.94915 0.772031 0.554293
-0.1 1.94915 0.772031 0.554293
-0.099 1.94915 0.772031 0.554293
-0.098 1.94915 0.772031 0.554293
-0.097 1.94915 0.772031 0.554293
-0.096 1.94915 0.772031 0.554293
-0.095 1.94915 0.772031 0.554293
-0.094 1.94915 0.772031 0.554293
-0.093 1.94915 0.772031 0.554293
-0.092 1.94915 0.772031 0.554293
-0.091 1.94915 0.772031 0.554293
-0.09 1.94915 0.772031 0.554293
-0.089 1.94915 0.772031 0.554293
-0.088 1.94915 0.772031 0.554293
-0.087 1.94915 0.772031 0.554293
-0.086 1.94915 0.772031 0.554293
-0.085 1.94915 0.772031 0.554293
-0.084 1.94915 0.772031 0.554293
-0.083 1.94915 0.772031 0.554293
-0.082 1.94915 0.772031 0.554293
-0.081 1.94915 0.772031 0.554293
-0.08 1.94915 0.772031 0.554293
-0.079 1.94915 0.772031 0.554293
-0.078 1.94915 0.772031 0.554293
-0.077 1.94915 0.772031 0.554293
-0.076 1.94915 0.772031 0.554293
-0.075 1.94915 0.772031 0.554293
-0.074 1.94915 0.772031 0.554293
-0.073 1.94915 0.772031 0.554293
-0.072 1.94915 0.772031 0.554293
-0.071 1.94915 0.772031 0.554293
-0.07 1.94915 0.772031 0.554293
-0.069 1.94915 0.772031 0.554293
-0.068 1.94915 0.772031 0.554293
-0.067 1.94915 0.772031 0.554293
-0.066 1.94915 0.772031 0.554293
-0.065 1.94915 0.772031 0.554293
-0.064 1.94915 0.772031 0.554293
-0.063 1.94915 0.772031 0.554293
-0.062 1.94915 0.772031 0.554293
-0.061 1.94915 0.772031 0.554293
-0.06 1.94915 0.772031 0.554293
-0.059 1.94915 0.772031 0.554293
-0.058 1.94915 0.772031 0.554293
-0.057 1.94915 0.772031 0.554293
-0.056 1.94915 0.772031 0.554293
-0.055 1.94915 0.772031 0.554293
-0.054 1.94915 0.772031 0.554293
-0.053 1.94915 0.772031 0.554293
-0.052 1.94915 0.772031 0.554293
-0.051 1.94915 0.772031 0.554293
-0.05 1.94915 0.772031 0.554293
-0.049 1.94915 0.772031 0.554293
-0.048 1.94915 0.772031 0.554293
-0.047 1.94915 0.772031 0.554293
-0.046 1.94915 0.772031 0.554293
-0.045 1.94915 0.772031 0.554293
-0.044 1.94915 0.772031 0.554293
-0.043 1.94915 0.772031 0.554293
-0.042 1.94915 0.772031 0.554293
-0.041 1.94915 0.772031 0.554293
-0.04 1.94915 0.772031 0.554293
-0.039 1.94915 0.772031 0.554293
-0.038 1.94915 0.772031 0.554293
-0.037 1.94915 0.772031 0.554293
-0.036 1.94915 0.772031 0.554293
-0.035 1.94915 0.772031 0.554293
-0.034 1.94915 0.772031 0.554293
-0.033 1.94915 0.772031 0.554293
-0.032 1.94915 0.772031 0.554293
-0.031 1.94915 0.772031 0.554293
-0.03 1.94915 0.772031 0.554293
-0.029 1.94915 0.772031 0.554293
-0.028 1.94915 0.772031 0.554293
-0.027 1.94915 0.772031 0.554293
-0.026 1.94915 0.772031 0.554293
-0.025 1.94915 0.772031 0.554293
-0.024 1.94915 0.772031 0.554293
-0.023 1.94915 0.772031 0.554293
-0.022 1.94915 0.772031 0.554293
-0.021 1.94915 0.772031 0.554293
-0.02 1.94915 0.772031 0.554293
-0.019 1.94915 0.772031 0.554293
-0.018 1.94915 0.772031 0.554293
-0.017 1.94915 0.772031 0.554293
-0.016 1.94915 0.772031 0.554293
-0.015 1.94915 0.772031 0.554293
-0.014 1.94915 0.772031 0.554293
-0.013 1.94915 0.772031 0.554293
-0.012 1.94915 0.772031 0.554293
-0.011 1.94915 0.772031 0.554293
-0.01 1.94915 0.772031 0.554293
-0.009 1.94915 0.772031 0.554293
-0.008 1.94915 0.772031 0.554293
-0.007 1.94915 0.772031 0.554293
-0.006 1.94915 0.772031 0.554293
-0.005 1.94915 0.772031 0.554293
-0.004 1.94915 0.772031 0.554293
-0.003 1.94915 0.772031 0.554293
-0.002 1.94915 0.772031 0.554293
-0.001 1.94915 0.772031 0.554293
0 1.94915 0.772031 0.554293
0.001 1.94915 0.772031 0.554293
0.002 1.94915 0.772031 0.554293
0.003 1.94915 0.772031 0.554293
0.004 1.94915 0.772031 0.554293
0.005 1.94915 0.772031 0.554293
0.006 1.94915 0.772031 0.554293
0.007 1.94915 0.772031 0.554293
0.008 1.94915 0.772031 0.554293
0.009 1.94915 0.772031 0.554293
0.01 1.94915 0.772031 0.554293
0.011 1.94915 0.772031 0.554293
0.012 1.94915 0.772031 0.554293
0.013 1.94915 0.772031 0.554293
0.014 1.94915 0.772031 0.554293
0.015 1.94915 0.772031 0.554293
0.016 1.94915 0.772031 0.554293
0.017 1.94915 0.772031 0.554293
0.018 1.94915 0.772031 0.554293
0.019 1.94915 0.772031 0.554293
0.02 1.94915 0.772031 0.554293
0.021 1.94915 0.772031 0.554293
0.022 1.94915 0.772031 0.554293
0.023 1.94915 0.772031 0.554293
0.024 1.94915 0.772031 0.554293
0.025 1.94915 0.772031 0.554293
0.026 1.94915 0.772031 0.554293
0.027 1.94915 0.772031 0.554293
0.028 1.94915 0.772031 0.554293
0.029 1.94915 0.772031 0.554293
0.03 1.94915 0.772031 0.554293
0.031 1.94915 0.772031 0.554293
0.032 1.94915 0.772031 0.554293
0.033 1.94915 0.772031 0.554293
0.034 1.94915 0.772031 0.554293
0.035 1.94915 0.772031 0.554293
0.036 1.94915 0.772031 0.554293
0.037 1.94915 0.772031 0.554293
0.038 1.94915 0.772031 0.554293
0.039 1.94915 0.772031 0.554293
0.04 1.94915 0.772031 0.554293
0.041 1.94915 0.772031 0.554293
0.042 1.94915 0.772031 0.554293
0.043 1.94915 0.772031 0.554293
0.044 1.94915 0.772031 0.554293
0.045 1.94915 0.772031 0.554293
0.046 1.94915 0.772031 0.554293
0.047 1.94915 0.772031 0.554293
0.048 1.94915 0.772031 0.554293
0.049 1.94915 0.772031 0.554293
0.05 1.94915 0.772031 0.554293
0.051 1.94915 0.772031 0.554293
0.052 1.94915 0.772031 0.554293
0.053 1.94915 0.772031 0.554293
0.054 1.94915 0.772031 0.554293
0.055 1.94915 0.772031 0.554293
0.056 1.94915 1.47863 0.554293
0.057 1.94915 1.47863 0.554293
0.058 1.94915 1.47863 0.554293
0.059 1.94915 1.47863 0.554293
0.06 1.94915 1.47863 0.554293
0.061 1.94915 1.47863 0.554293
0.062 1.94915 1.47863 0.554293
0.063 1.94915 1.47863 0.554293
0.064 1.94915 1.47863 0.554293
0.065 1.94915 1.47863 0.554293
0.066 1.94915 1.47863 0.554293
0.067 1.94915 1.47863 0.554293
0.068 1.94915 1.47863 0.554293
0.069 1.94915 1.47863 0.554293
0.07 1.94915 1.47863 0.554293
0.071 1.94915 1.47863 0.554293
0.072 1.94915 1.47863 0.554293
0.073 1.94915 1.47863 0.554293
0.074 1.94915 1.47863 0.554293
0.075 1.94915 1.47863 0.554293
0.076 1.94915 1.47863 0.554293
0.077 1.94915 1.47863 0.554293
0.078 1.94915 1.47863 0.554293
0.079 1.94915 1.47863 0.554293
0.08 1.94915 1.47863 0.554293
0.081 1.94915 1.47863 0.554293
0.082 1.94915 1.47863 0.554293
0.083 1.94915 1.47863 0.554293
0.084 1.94915 1.47863 0.554293
0.085 1.94915 1.47863 0.554293
0.086 1.94915 1.47863 0.554293
0.087 1.94915 1.47863 0.554293
0.088 1.94915 1.47863 0.554293
0.089 1.94915 1.47863 0.554293
0.09 1.94915 1.47863 0.554293
0.091 1.94915 1.47863 0.554293
0.092 1.94915 1.47863 0.554293
0.093 1.94915 1.47863 0.554293
0.094 1.94915 1.47863 0.554293
0.095 1.94915 1.47863 0.554293
0.096 1.94915 1.47863 0.554293
0.097 1.94915 1.47863 0.554293
0.098 1.94915 1.47863 0.554293
0.099 1.94915 1.47863 0.554293
0.1 1.94915 1.47863 0.554293
0.101 1.94915 1.47863 0.554293
0.102 1.94915 1.47863 0.554293
0.103 1.94915 1.47863 0.554293
0.104 1.94915 1.47863 0.554293
0.105 1.94915 1.47863 0.554293
0.106 1.94915 1.47863 0.554293
0.107 1.94915 1.47863 0.554293
0.108 1.94915 1.47863 0.554293
0.109 1.94915 1.47863 0.554293
0.11 1.94915 1.47863 0.554293
0.111 1.94915 1.47863 0.554293
0.112 1.94915 1.47863 0.554293
0.113 1.94915 1.47863 0.554293
0.114 1.94915 1.47863 0.554293
0.115 1.94915 1.47863 0.554293
0.116 1.94915 1.47863 0.554293
0.117 1.94915 1.47863 0.554293
0.118 1.94915 1.47863 0.554293
0.119 1.94915 1.47863 0.554293
0.12 1.94915 1.47863 0.554293
0.121 1.94915 1.47863 0.554293
0.122 1.94915 1.47863 0.554293
0.123 1.94915 1.47863 0.554293
0.124 1.94915 1.47863 0.554293
0.125 1.94915 1.47863 0.554293
0.126 1.94915 1.47863 0.554293
0.127 1.94915 1.47863 0.554293
0.128 1.94915 1.47863 0.554293
0.129 1.94915 1.47863 0.554293
0.13 1.94915 1.47863 0.554293
0.131 1.94915 1.47863 0.554293
0.132 1.94915 1.47863 0.554293
0.133 1.94915 1.47863 0.554293
0.134 1.94915 1.47863 0.554293
0.135 1.94915 1.47863 0.554293
0.136 1.94915 1.47863 0.554293
0.137 1.94915 1.47863 0.554293
0.138 1.94915 1.47863 0.554293
0.139 1.94915 1.47863 0.554293
0.14 1.94915 1.47863 0.554293
0.141 1.94915 1.47863 0.554293
0.142 1.94915 1.47863 0.554293
0.143 1.94915 1.47863 0.554293
0.144 1.94915 1.47863 0.554293
0.145 1.94915 1.47863 0.554293
0.146 1.94915 1.47863 0.554293
0.147 1.94915 1.47863 0.554293
0.148 1.94915 1.47863 0.554293
0.149 1.94915 1.47863 0.554293
0.15 1.94915 1.47863 0.554293
0.151 1.94915 1.47863 0.554293
0.152 1.94915 1.47863 0.554293
0.153 1.94915 1.47863 0.554293
0.154 1.94915 1.47863 0.554293
0.155 1.94915 1.47863 0.554293
0.156 1.94915 1.47863 0.554293
0.157 1.94915 1.47863 0.554293
0.158 1.94915 1.47863 0.554293
0.159 1.94915 1.47863 0.554293
0.16 1.94915 1.47863 0.554293
0.161 1.94915 1.47863 0.554293
0.162 1.94915 1.47863 0.554293
0.163 1.94915 1.47863 0.554293
0.164 1.94915 1.47863 0.554293
0.165 1.94915 1.47863 0.554293
0.166 1.94915 1.47863 0.554293
0.167 1.94915 1.47863 0.554293
0.168 1.94915 1.47863 0.554293
0.169 1.94915 1.47863 0.554293
0.17 1.94915 1.47863 0.554293
0.171 1.94915 1.47863 0.554293
0.172 1 1 0
0.173 1 1 0
0.174 1 1 0
0.175 1 1 0
0.176 1 1 0
0.177 1 1 0
0.178 1 1 0
0.179 1 1 0
0.18 1 1 0
0.181 1 1 0
0.182 1 1 0
0.183 1 1 0
0.184 1 1 0
0.185 1 1 0
0.186 1 1 0
0.187 1 1 0
0.188 1 1 0
0.189 1 1 0
0.19 1 1 0
0.191 1 1 0
0.192 1 1 0
0.193 1 1 0
0.194 1 1 0
0.195 1 1 0
0.196 1 1 0
0.197 1 1 0
0.198 1 1 0
0.199 1 1 0
0.2 1 1 0
0.201 1 1 0
0.202 1 1 0
0.203 1 1 0
0.204 1 1 0
0.205 1 1 0
0.206 1 1 0
0.207 1 1 0
0.208 1 1 0
0.209 1 1 0
0.21 1 1 0
0.211 1 1 0
0.212 1 1 0
0.213 1 1 0
0.214 1 1 0
0.215 1 1 0
0.216 1 1 0
0.217 1 1 0
0.218 1 1 0
0.219 1 1 0
0.22 1 1 0
0.221 1 1 0
0.222 1 1 0
0.223 1 1 0
0.224 1 1 0
0.225 1 1 0
0.226 1 1 0
0.227 1 1 0
0.228 1 1 0
0.229 1 1 0
0.23 1 1 0
0.231 1 1 0
0.232 1 1 0
0.233 1 1 0
0.234 1 1 0
0.235 1 1 0
0.236 1 1 0
0.237 1 1 0
0.238 1 1 0
0.239 1 1 0
0.24 1 1 0
0.241 1 1 0
0.242 1 1 0
0.243 1 1 0
0.244 1 1 0
0.245 1 1 0
0.246 1 1 0
0.247 1 1 0
0.248 1 1 0
0.249 1 1 0
0.25 1 1 0
0.251 1 1 0
0.252 1 1 0
0.253 1 1 0
0.254 1 1 0
0.255 1 1 0
0.256 1 1 0
0.257 1 1 0
0.258 1 1 0
0.259 1 1 0
0.26 1 1 0
0.261 1 1 0
0.262 1 1 0
0.263 1 1 0
0.264 1 1 0
0.265 1 1 0
0.266 1 1 0
0.267 1 1 0
0.268 1 1 0
0.269 1 1 0
0.27 1 1 0
0.271 1 1 0
0.272 1 1 0
0.273 1 1 0
0.274 1 1 0
0.275 1 1 0
0.276 1 1 0
0.277 1 1 0
0.278 1 1 0
0.279 1 1 0
0.28 1 1 0
0.281 1 1 0
0.282 1 1 0
0.283 1 1 0
0.284 1 1 0
0.285 1 1 0
0.286 1 1 0
0.287 1 1 0
0.288 1 1 0
0.289 1 1 0
0.29 1 1 0
0.291 1 1 0
0.292 1 1 0
0.293 1 1 0
0.294 1 1 0
0.295 1 1 0
0.296 1 1 0
0.297 1 1 0
0.298 1 1 0
0.299 1 1 0
0.3 1 1 0
0.301 1 1 0
0.302 1 1 0
0.303 1 1 0
0.304 1 1 0
0.305 1 1 0
0.306 1 1 0
0.307 1 1 0
0.308 1 1 0
0.309 1 1 0
0.31 1 1 0
0.311 1 1 0
0.312 1 1 0
0.313 1 1 0
0.314 1 1 0
0.315 1 1 0
0.316 1 1 0
0.317 1 1 0
0.318 1 1 0
0.319 1 1 0
0.32 1 1 0
0.321 1 1 0
0.322 1 1 0
0.323 1 1 0
0.324 1 1 0
0.325 1 1 0
0.326 1 1 0
0.327 1 1 0
0.328 1 1 0
0.329 1 1 0
0.33 1 1 0
0.331 1 1 0
0.332 1 1 0
0.333 1 1 0
0.334 1 1 0
0.335 1 1 0
0.336 1 1 0
0.337 1 1 0
0.338 1 1 0
0.339 1 1 0
0.34 1 1 0
0.341 1 1 0
0.342 1 1 0
0.343 1 1 0
0.344 1 1 0
0.345 1 1 0
0.346 1 1 0
0.347 1 1 0
0.348 1 1 0
0.349 1 1 0
0.35 1 1 0
0.351 1 1 0
0.352 1 1 0
0.353 1 1 0
0.354 1 1 0
0.355 1 1 0
0.356 1 1 0
0.357 1 1 0
0.358 1 1 0
0.359 1 1 0
0.36 1 1 0
0.361 1 1 0
0.362 1 1 0
0.363 1 1 0
0.364 1 1 0
0.365 1 1 0
0.366 1 1 0
0.367 1 1 0
0.368 1 1 0
0.369 1 1 0
0.37 1 1 0
0.371 1 1 0
0.372 1 1 0
0.373 1 1 0
0.374 1 1 0
0.375 1 1 0
0.376 1 1 0
0.377 1 1 0
0.378 1 1 0
0.379 1 1 0
0.38 1 1 0
0.381 1 1 0
0.382 1 1 0
0.383 1 1 0
0.384 1 1 0
0.385 1 1 0
0.386 1 1 0
0.387 1 1 0
0.388 1 1 0
0.389 1 1 0
0.39 1 1 0
0.391 1 1 0
0.392 1 1 0
0.393 1 1 0
0.394 1 1 0
0.395 1 1 0
0.396 1 1 0
0.397 1 1 0
0.398 1 1 0
0.399 1 1 0
0.4 1 1 0
0.401 1 1 0
0.402 1 1 0
0.403 1 1 0
0.404 1 1 0
0.405 1 1 0
0.406 1 1 0
0.407 1 1 0
0.408 1 1 0
0.409 1 1 0
0.41 1 1 0
0.411 1 1 0
0.412 1 1 0
0.413 1 1 0
0.414 1 1 0
0.415 1 1 0
0.416 1 1 0
0.417 1 1 0
0.418 1 1 0
0.419 1 1 0
0.42 1 1 0
0.421 1 1 0
0.422 1 1 0
0.423 1 1 0
0.424 1 1 0
0.425 1 1 0
0.426 1 1 0
0.427 1 1 0
0.428 1 1 0
0.429 1 1 0
0.43 1 1 0
0.431 1 1 0
0.432 1 1 0
0.433 1 1 0
0.434 1 1 0
0.435 1 1 0
0.436 1 1 0
0.437 1 1 0
0.438 1 1 0
0.439 1 1 0
0.44 1 1 0
0.441 1 1 0
0.442 1 1 0
0.443 1 1 0
0.444 1 1 0
0.445 1 1 0
0.446 1 1 0
0.447 1 1 0
0.448 1 1 0
0.449 1 1 0
0.45 1 1 0
0.451 1 1 0
0.452 1 1 0
0.453 1 1 0
0.454 1 1 0
0.455 1 1 0
0.456 1 1 0
0.457 1 1 0
0.458 1 1 0
0.459 1 1 0
0.46 1 1 0
0.461 1 1 0
0.462 1 1 0
0.463 1 1 0
0.464 1 1 0
0.465 1 1 0
0.466 1 1 0
0.467 1 1 0
0.468 1 1 0
0.469 1 1 0
0.47 1 1 0
0.471 1 1 0
0.472 1 1 0
0.473 1 1 0
0.474 1 1 0
0.475 1 1 0
0.476 1 1 0
0.477 1 1 0
0.478 1 1 0
0.479 1 1 0
0.48 1 1 0
0.481 1 1 0
0.482 1 1 0
0.483 1 1 0
0.484 1 1 0
0.485 1 1 0
0.486 1 1 0
0.487 1 1 0
0.488 1 1 0
0.489 1 1 0
0.49 1 1 0
0.491 1 1 0
0.492 1 1 0
0.493 1 1 0
0.494 1 1 0
0.495 1 1 0
0.496 1 1 0
0.497 1 1 0
0.498 1 1 0
0.499 1 1 0

