-0.5 1 1 -0.1
-0.499 1 1 -0.1
-0.498 1 1 -0.1
-0.497 1 1 -0.1
-0.496 1 1 -0.1
-0.495 1 1 -0.1
-0.494 1 1 -0.1
-0.493 1 1 -0.1
-0.492 1 1 -0.1
-0.491 1 1 -0.1
-0.49 1 1 -0.1
-0.489 1 1 -0.1
-0.488 1 1 -0.1
-0.487 1 1 -0.1
-0.486 1 1 -0.1
-0.485 1 1 -0.1
-0.484 1 1 -0.1
-0.483 1 1 -0.1
-0.482 1 1 -0.1
-0.481 1 1 -0.1
-0.48 1 1 -0.1
-0.479 1 1 -0.1
-0.478 1 1 -0.1
-0.477 1 1 -0.1
-0.476 1 1 -0.1
-0.475 1 1 -0.1
-0.474 1 1 -0.1
-0.473 1 1 -0.1
-0.472 1 1 -0.1
-0.471 1 1 -0.1
-0.47 1 1 -0.1
-0.469 1 1 -0.1
-0.468 1 1 -0.1
-0.467 1 1 -0.1
-0.466 1 1 -0.1
-0.465 1 1 -0.1
-0.464 1 1 -0.1
-0.463 1 1 -0.1
-0.462 1 1 -0.1
-0.461 1 1 -0.1
-0.46 1 1 -0.1
-0.459 1 1 -0.1
-0.458 1 1 -0.1
-0.457 1 1 -0.1
-0.456 1 1 -0.1
-0.455 1 1 -0.1
-0.454 1 1 -0.1
-0.453 1 1 -0.1
-0.452 1 1 -0.1
-0.451 1 1 -0.1
-0.45 1 1 -0.1
-0.449 1 1 -0.1
-0.448 1 1 -0.1
-0.447 1 1 -0.1
-0.446 1 1 -0.1
-0.445 1 1 -0.1
-0.444 1 1 -0.1
-0.443 1 1 -0.1
-0.442 1 1 -0.1
-0.441 1 1 -0.1
-0.44 1 1 -0.1
-0.439 1 1 -0.1
-0.438 1 1 -0.1
-0.437 1 1 -0.1
-0.436 1 1 -0.1
-0.435 1 1 -0.1
-0.434 1 1 -0.1
-0.433 1 1 -0.1
-0.432 1 1 -0.1
-0.431 1 1 -0.1
-0.43 1 1 -0.1
-0.429 1 1 -0.1
-0.428 1 1 -0.1
-0.427 1 1 -0.1
-0.426 1 1 -0.1
-0.425 1 1 -0.1
-0.424 1 1 -0.1
-0.423 1 1 -0.1
-0.422 1 1 -0.1
-0.421 1 1 -0.1
-0.42 1 1 -0.1
-0.419 1 1 -0.1
-0.418 1 1 -0.1
-0.417 1 1 -0.1
-0.416 1 1 -0.1
-0.415 1 1 -0.1
-0.414 1 1 -0.1
-0.413 1 1 -0.1
-0.412 1 1 -0.1
-0.411 1 1 -0.1
-0.41 1 1 -0.1
-0.409 1 1 -0.1
-0.408 1 1 -0.1
-0.407 1 1 -0.1
-0.406 1 1 -0.1
-0.405 1 1 -0.1
-0.404 1 1 -0.1
-0.403 1 1 -0.1
-0.402 1 1 -0.1
-0.401 1 1 -0.1
-0.4 1 1 -0.1
-0.399 1 1 -0.1
-0.398 1 1 -0.1
-0.397 1 1 -0.1
-0.396 1 1 -0.1
-0.395 1 1 -0.1
-0.394 1 1 -0.1
-0.393 1 1 -0.1
-0.392 1 1 -0.1
-0.391 1 1 -0.1
-0.39 1 1 -0.1
-0.389 1 1 -0.1
-0.388 1 1 -0.1
-0.387 1 1 -0.1
-0.386 1 1 -0.1
-0.385 1 1 -0.1
-0.384 1 1 -0.1
-0.383 1 1 -0.1
-0.382 1 1 -0.1
-0.381 1 1 -0.1
-0.38 1 1 -0.1
-0.379 1 1 -0.1
-0.378 1 1 -0.1
-0.377 1 1 -0.1
-0.376 1 1 -0.1
-0.375 1 1 -0.1
-0.374 1 1 -0.1
-0.373 1 1 -0.1
-0.372 1 1 -0.1
-0.371 1 1 -0.1
-0.37 1 1 -0.1
-0.369 1 1 -0.1
-0.368 1 1 -0.1
-0.367 1 1 -0.1
-0.366 1 1 -0.1
-0.365 1 1 -0.1
-0.364 1 1 -0.1
-0.363 1 1 -0.1
-0.362 1 1 -0.1
-0.361 1 1 -0.1
-0.36 1 1 -0.1
-0.359 1 1 -0.1
-0.358 1 1 -0.1
-0.357 1 1 -0.1
-0.356 1 1 -0.1
-0.355 1 1 -0.1
-0.354 1 1 -0.1
-0.353 1 1 -0.1
-0.352 1 1 -0.1
-0.351 1 1 -0.1
-0.35 1 1 -0.1
-0.349 1 1 -0.1
-0.348 1 1 -0.1
-0.347 1 1 -0.1
-0.346 1 1 -0.1
-0.345 1 1 -0.1
-0.344 1 1 -0.1
-0.343 1 1 -0.1
-0.342 1 1 -0.1
-0.341 1 1 -0.1
-0.34 1 1 -0.1
-0.339 1 1 -0.1
-0.338 1 1 -0.1
-0.337 1 1 -0.1
-0.336 1 1 -0.1
-0.335 1 1 -0.1
-0.334 1 1 -0.1
-0.333 1 1 -0.1
-0.332 1 1 -0.1
-0.331 1 1 -0.1
-0.33 1 1 -0.1
-0.329 1 1 -0.1
-0.328 1 1 -0.1
-0.327 1 1 -0.1
-0.326 1 1 -0.1
-0.325 1 1 -0.1
-0.324 1 1 -0.1
-0.323 1 1 -0.1
-0.322 1 1 -0.1
-0.321 1 1 -0.1
-0.32 1 1 -0.1
-0.319 1 1 -0.1
-0.318 1 1 -0.1
-0.317 1 1 -0.1
-0.316 1 1 -0.1
-0.315 1 1 -0.1
-0.314 1 1 -0.1
-0.313 1 1 -0.1
-0.312 1 1 -0.1
-0.311 1 1 -0.1
-0.31 1 1 -0.1
-0.309 1 1 -0.1
-0.308 1 1 -0.1
-0.307 1 1 -0.1
-0.306 1 1 -0.1
-0.305 1 1 -0.1
-0.304 1 1 -0.1
-0.303 1 1 -0.1
-0.302 1 1 -0.1
-0.301 1 1 -0.1
-0.3 1 1 -0.1
-0.299 1 1 -0.1
-0.298 1 1 -0.1
-0.297 1 1 -0.1
-0.296 1 1 -0.1
-0.295 1 1 -0.1
-0.294 1 1 -0.1
-0.293 1 1 -0.1
-0.292 1 1 -0.1
-0.291 1 1 -0.1
-0.29 1 1 -0.1
-0.289 1 1 -0.1
-0.288 1 1 -0.1
-0.287 1 1 -0.1
-0.286 1 1 -0.1
-0.285 1 1 -0.1
-0.284 1 1 -0.1
-0.283 1 1 -0.1
-0.282 1 1 -0.1
-0.281 1 1 -0.1
-0.28 1 1 -0.1
-0.279 1 1 -0.1
-0.278 1 1 -0.1
-0.277 1 1 -0.1
-0.276 1 1 -0.1
-0.275 1 1 -0.1
-0.274 1 1 -0.1
-0.273 1 1 -0.1
-0.272 1 1 -0.1
-0.271 1 1 -0.1
-0.27 1 1 -0.1
-0.269 1 1 -0.1
-0.268 1 1 -0.1
-0.267 1 1 -0.1
-0.266 1 1 -0.1
-0.265 1 1 -0.1
-0.264 1 1 -0.1
-0.263 1 1 -0.1
-0.262 1 1 -0.1
-0.261 1 1 -0.1
-0.26 1 1 -0.1
-0.259 1 1 -0.1
-0.258 1 1 -0.1
-0.257 1 1 -0.1
-0.256 1 1 -0.1
-0.255 1 1 -0.1
-0.254 1 1 -0.1
-0.253 1 1 -0.1
-0.252 1 1 -0.1
-0.251 1 1 -0.1
-0.25 1 1 -0.1
-0.249 1 1 -0.1
-0.248 1 1 -0.1
-0.247 1 1 -0.1
-0.246 1 1 -0.1
-0.245 1 1 -0.1
-0.244 1 1 -0.1
-0.243 1 1 -0.1
-0.242 1 1 -0.1
-0.241 1 1 -0.1
-0.24 1 1 -0.1
-0.239 1 1 -0.1
-0.238 1 1 -0.1
-0.237 1 1 -0.1
-0.236 1 1 -0.1
-0.235 1 1 -0.1
-0.234 1 1 -0.1
-0.233 1 1 -0.1
-0.232 1 1 -0.1
-0.231 1 1 -0.1
-0.23 1 1 -0.1
-0.229 1 1 -0.1
-0.228 1 1 -0.1
-0.227 1 1 -0.1
-0.226 1 1 -0.1
-0.225 1 1 -0.1
-0.224 1 1 -0.1
-0.223 1 1 -0.1
-0.222 1 1 -0.1
-0.221 1 1 -0.1
-0.22 1 1 -0.1
-0.219 1 1 -0.1
-0.218 1 1 -0.1
-0.217 1 1 -0.1
-0.216 1 1 -0.1
-0.215 1 1 -0.1
-0.214 1 1 -0.1
-0.213 1 1 -0.1
-0.212 1 1 -0.1
-0.211 1 1 -0.1
-0.21 1 1 -0.1
-0.209 1 1 -0.1
-0.208 1 1 -0.1
-0.207 1 1 -0.1
-0.206 1 1 -0.1
-0.205 1 1 -0.1
-0.204 1 1 -0.1
-0.203 1 1 -0.1
-0.202 1 1 -0.1
-0.201 1 1 -0.1
-0.2 1 1 -0.1
-0.199 1 1 -0.1
-0.198 1 1 -0.1
-0.197 1 1 -0.1
-0.196 1 1 -0.1
-0.195 1 1 -0.1
-0.194 1 1 -0.1
-0.193 1 1 -0.1
-0.192 1 1 -0.1
-0.191 1 1 -0.1
-0.19 1 1 -0.1
-0.189 1 1 -0.1
-0.188 1 1 -0.1
-0.187 1 1 -0.1
-0.186 1 1 -0.1
-0.185 1 1 -0.1
-0.184 1 1 -0.1
-0.183 1 1 -0.1
-0.182 1 1 -0.1
-0.181 1 1 -0.1
-0.18 1 1 -0.1
-0.179 1 1 -0.1
-0.178 1 1 -0.1
-0.177 1 1 -0.1
-0.176 1 1 -0.1
-0.175 1 1 -0.1
-0.174 1 1 -0.1
-0.173 1 1 -0.1
-0.172 1 1 -0.1
-0.171 1 1 -0.1
-0.17 1 1 -0.1
-0.169 1 1 -0.1
-0.168 1 1 -0.1
-0.167 1 1 -0.1
-0.166 1 1 -0.1
-0.165 1 1 -0.1
-0.164 1 1 -0.1
-0.163 1 1 -0.1
-0.162 1 1 -0.1
-0.161 1 1 -0.1
-0.16 1 1 -0.1
-0.159 1 1 -0.1
-0.158 1 1 -0.1
-0.157 1 1 -0.1
-0.156 1 1 -0.1
-0.155 1 1 -0.1
-0.154 1 1 -0.1
-0.153 1 1 -0.1
-0.152 1 1 -0.1
-0.151 1 1 -0.1
-0.15 1 1 -0.1
-0.149 1 1 -0.1
-0.148 1 1 -0.1
-0.147 1 1 -0.1
-0.146 1 1 -0.1
-0.145 1 1 -0.1
-0.144 1 1 -0.1
-0.143 1 1 -0.1
-0.142 1 1 -0.1
-0.141 1 1 -0.1
-0.14 1 1 -0.1
-0.139 0.999037 0.999422 -0.0992542
-0.138 0.9894 0.993626 -0.0917542
-0.137 0.979837 0.987853 -0.0842542
-0.136 0.970348 0.982102 -0.0767542
-0.135 0.960933 0.976373 -0.0692542
-0.134 0.95159 0.970666 -0.0617542
-0.133 0.942321 0.964982 -0.0542542
-0.132 0.933124 0.95932 -0.0467542
-0.131 0.923999 0.953681 -0.0392542
-0.13 0.914946 0.948063 -0.0317542
-0.129 0.905963 0.942468 -0.0242542
-0.128 0.897052 0.936894 -0.0167542
-0.127 0.88821 0.931343 -0.00925416
-0.126 0.879439 0.925813 -0.00175416
-0.125 0.870737 0.920306 0.00574584
-0.124 0.862104 0.91482 0.0132458
-0.123 0.853539 0.909356 0.0207458
-0.122 0.845043 0.903914 0.0282458
-0.121 0.836614 0.898494 0.0357458
-0.12 0.828253 0.893096 0.0432458
-0.119 0.820781 0.888252 0.05
-0.118 0.820781 0.888252 0.05
-0.117 0.820781 0.888252 0.05
-0.116 0.820781 0.888252 0.05
-0.115 0.820781 0.888252 0.05
-0.114 0.820781 0.888252 0.05
-0.113 0.820781 0.888252 0.05
-0.112 0.820781 0.888252 0.05
-0.111 0.820781 0.888252 0.05
-0.11 0.820781 0.888252 0.05
-0.109 0.820781 0.888252 0.05
-0.108 0.820781 0.888252 0.05
-0.107 0.820781 0.888252 0.05
-0.106 0.820781 0.888252 0.05
-0.105 0.820781 0.888252 0.05
-0.104 0.820781 0.888252 0.05
-0.103 0.820781 0.888252 0.05
-0.102 0.820781 0.888252 0.05
-0.101 0.820781 0.888252 0.05
-0.1 0.820781 0.888252 0.05
-0.099 0.820781 0.888252 0.05
-0.098 0.820781 0.888252 0.05
-0.097 0.820781 0.888252 0.05
-0.096 0.820781 0.888252 0.05
-0.095 0.820781 0.888252 0.05
-0.094 0.820781 0.888252 0.05
-0.093 0.820781 0.888252 0.05
-0.092 0.820781 0.888252 0.05
-0.091 0.820781 0.888252 0.05
-0.09 0.820781 0.888252 0.05
-0.089 0.820781 0.888252 0.05
-0.088 0.820781 0.888252 0.05
-0.087 0.820781 0.888252 0.05
-0.086 0.820781 0.888252 0.05
-0.085 0.820781 0.888252 0.05
-0.084 0.820781 0.888252 0.05
-0.083 0.820781 0.888252 0.05
-0.082 0.820781 0.888252 0.05
-0.081 0.820781 0.888252 0.05
-0.08 0.820781 0.888252 0.05
-0.079 0.820781 0.888252 0.05
-0.078 0.820781 0.888252 0.05
-0.077 0.820781 0.888252 0.05
-0.076 0.820781 0.888252 0.05
-0.075 0.820781 0.888252 0.05
-0.074 0.820781 0.888252 0.05
-0.073 0.820781 0.888252 0.05
-0.072 0.820781 0.888252 0.05
-0.071 0.820781 0.888252 0.05
-0.07 0.820781 0.888252 0.05
-0.069 0.820781 0.888252 0.05
-0.068 0.820781 0.888252 0.05
-0.067 0.820781 0.888252 0.05
-0.066 0.820781 0.888252 0.05
-0.065 0.820781 0.888252 0.05
-0.064 0.820781 0.888252 0.05
-0.063 0.820781 0.888252 0.05
-0.062 0.820781 0.888252 0.05
-0.061 0.820781 0.888252 0.05
-0.06 0.820781 0.888252 0.05
-0.059 0.820781 0.888252 0.05
-0.058 0.820781 0.888252 0.05
-0.057 0.820781 0.888252 0.05
-0.056 0.820781 0.888252 0.05
-0.055 0.820781 0.888252 0.05
-0.054 0.820781 0.888252 0.05
-0.053 0.820781 0.888252 0.05
-0.052 0.820781 0.888252 0.05
-0.051 0.820781 0.888252 0.05
-0.05 0.820781 0.888252 0.05
-0.049 0.820781 0.888252 0.05
-0.048 0.820781 0.888252 0.05
-0.047 0.820781 0.888252 0.05
-0.046 0.820781 0.888252 0.05
-0.045 0.820781 0.888252 0.05
-0.044 0.820781 0.888252 0.05
-0.043 0.820781 0.888252 0.05
-0.042 0.820781 0.888252 0.05
-0.041 0.820781 0.888252 0.05
-0.04 0.820781 0.888252 0.05
-0.039 0.820781 0.888252 0.05
-0.038 0.820781 0.888252 0.05
-0.037 0.820781 0.888252 0.05
-0.036 0.820781 0.888252 0.05
-0.035 0.820781 0.888252 0.05
-0.034 0.820781 0.888252 0.05
-0.033 0.820781 0.888252 0.05
-0.032 0.820781 0.888252 0.05
-0.031 0.820781 0.888252 0.05
-0.03 0.820781 0.888252 0.05
-0.029 0.820781 0.888252 0.05
-0.028 0.820781 0.888252 0.05
-0.027 0.820781 0.888252 0.05
-0.026 0.820781 0.888252 0.05
-0.025 0.820781 0.888252 0.05
-0.024 0.820781 0.888252 0.05
-0.023 0.820781 0.888252 0.05
-0.022 0.820781 0.888252 0.05
-0.021 0.820781 0.888252 0.05
-0.02 0.820781 0.888252 0.05
-0.019 0.820781 0.888252 0.05
-0.018 0.820781 0.888252 0.05
-0.017 0.820781 0.888252 0.05
-0.016 0.820781 0.888252 0.05
-0.015 0.820781 0.888252 0.05
-0.014 0.820781 0.888252 0.05
-0.013 0.820781 0.888252 0.05
-0.012 0.820781 0.888252 0.05
-0.011 0.820781 0.888252 0.05
-0.01 0.820781 0.888252 0.05
-0.009 0.820781 0.888252 0.05
-0.008 0.820781 0.888252 0.05
-0.007 0.820781 0.888252 0.05
-0.006 0.820781 0.888252 0.05
-0.005 0.820781 0.888252 0.05
-0.004 0.820781 0.888252 0.05
-0.003 0.820781 0.888252 0.05
-0.002 0.820781 0.888252 0.05
-0.001 0.820781 0.888252 0.05
0 0.820781 0.888252 0.05
0.001 0.820781 0.888252 0.05
0.002 0.820781 0.888252 0.05
0.003 0.820781 0.888252 0.05
0.004 0.820781 0.888252 0.05
0.005 0.820781 0.888252 0.05
0.006 0.820781 0.888252 0.05
0.007 0.820781 0.888252 0.05
0.008 0.820781 0.888252 0.05
0.009 0.820781 0.888252 0.05
0.01 0.820781 0.888252 0.05
0.011 0.820781 0.888252 0.05
0.012 0.820781 0.888252 0.05
0.013 0.820781 0.888252 0.05
0.014 0.820781 0.888252 0.05
0.015 0.820781 0.888252 0.05
0.016 0.820781 0.888252 0.05
0.017 0.820781 0.888252 0.05
0.018 0.820781 0.888252 0.05
0.019 0.820781 0.888252 0.05
0.02 0.820781 0.888252 0.05
0.021 0.820781 0.888252 0.05
0.022 0.820781 0.888252 0.05
0.023 0.820781 0.888252 0.05
0.024 0.820781 0.888252 0.05
0.025 0.820781 0.888252 0.05
0.026 0.820781 0.888252 0.05
0.027 0.820781 0.888252 0.05
0.028 0.820781 0.888252 0.05
0.029 0.820781 0.888252 0.05
0.03 0.820781 0.888252 0.05
0.031 0.820781 0.888252 0.05
0.032 0.820781 0.888252 0.05
0.033 0.820781 0.888252 0.05
0.034 0.820781 0.888252 0.05
0.035 0.820781 0.888252 0.05
0.036 0.820781 0.888252 0.05
0.037 0.820781 0.888252 0.05
0.038 0.820781 0.888252 0.05
0.039 0.820781 0.888252 0.05
0.04 0.820781 0.888252 0.05
0.041 0.820781 0.888252 0.05
0.042 0.820781 0.888252 0.05
0.043 0.820781 0.888252 0.05
0.044 0.820781 0.888252 0.05
0.045 0.820781 0.888252 0.05
0.046 0.820781 0.888252 0.05
0.047 0.820781 0.888252 0.05
0.048 0.820781 0.888252 0.05
0.049 0.820781 0.888252 0.05
0.05 0.820781 0.888252 0.05
0.051 0.820781 0.888252 0.05
0.052 0.820781 0.888252 0.05
0.053 0.820781 0.888252 0.05
0.054 0.820781 0.888252 0.05
0.055 0.820781 0.888252 0.05
0.056 0.820781 0.888252 0.05
0.057 0.820781 0.888252 0.05
0.058 0.820781 0.888252 0.05
0.059 0.820781 0.888252 0.05
0.06 0.820781 0.888252 0.05
0.061 0.820781 0.888252 0.05
0.062 0.820781 0.888252 0.05
0.063 0.820781 0.888252 0.05
0.064 0.820781 0.888252 0.05
0.065 0.820781 0.888252 0.05
0.066 0.820781 0.888252 0.05
0.067 0.820781 0.888252 0.05
0.068 0.820781 0.888252 0.05
0.069 0.820781 0.888252 0.05
0.07 0.820781 0.888252 0.05
0.071 0.820781 0.888252 0.05
0.072 0.820781 0.888252 0.05
0.073 0.820781 0.888252 0.05
0.074 0.820781 0.888252 0.05
0.075 0.820781 0.888252 0.05
0.076 0.820781 0.888252 0.05
0.077 0.820781 0.888252 0.05
0.078 0.820781 0.888252 0.05
0.079 0.820781 0.888252 0.05
0.08 0.820781 0.888252 0.05
0.081 0.820781 0.888252 0.05
0.082 0.820781 0.888252 0.05
0.083 0.820781 0.888252 0.05
0.084 0.820781 0.888252 0.05
0.085 0.820781 0.888252 0.05
0.086 0.820781 0.888252 0.05
0.087 0.820781 0.888252 0.05
0.088 0.820781 0.888252 0.05
0.089 0.820781 0.888252 0.05
0.09 0.820781 0.888252 0.05
0.091 0.820781 0.888252 0.05
0.092 0.820781 0.888252 0.05
0.093 0.820781 0.888252 0.05
0.094 0.820781 0.888252 0.05
0.095 0.820781 0.888252 0.05
0.096 0.820781 0.888252 0.05
0.097 0.820781 0.888252 0.05
0.098 0.820781 0.888252 0.05
0.099 0.820781 0.888252 0.05
0.1 0.820781 0.888252 0.05
0.101 0.820781 0.888252 0.05
0.102 0.820781 0.888252 0.05
0.103 0.820781 0.888252 0.05
0.104 0.820781 0.888252 0.05
0.105 0.820781 0.888252 0.05
0.106 0.820781 0.888252 0.05
0.107 0.820781 0.888252 0.05
0.108 0.820781 0.888252 0.05
0.109 0.820781 0.888252 0.05
0.11 0.820781 0.888252 0.05
0.111 0.820781 0.888252 0.05
0.112 0.820781 0.888252 0.05
0.113 0.820781 0.888252 0.05
0.114 0.820781 0.888252 0.05
0.115 0.820781 0.888252 0.05
0.116 0.820781 0.888252 0.05
0.117 0.820781 0.888252 0.05
0.118 0.820781 0.888252 0.05
0.119 0.820781 0.888252 0.05
0.12 0.820781 0.888252 0.05
0.121 0.820781 0.888252 0.05
0.122 0.820781 0.888252 0.05
0.123 0.820781 0.888252 0.05
0.124 0.820781 0.888252 0.05
0.125 0.820781 0.888252 0.05
0.126 0.820781 0.888252 0.05
0.127 0.820781 0.888252 0.05
0.128 0.820781 0.888252 0.05
0.129 0.820781 0.888252 0.05
0.13 0.828253 0.893096 0.0567542
0.131 0.836614 0.898494 0.0642542
0.132 0.845043 0.903914 0.0717542
0.133 0.853539 0.909356 0.0792542
0.134 0.862104 0.91482 0.0867542
0.135 0.870737 0.920306 0.0942542
0.136 0.879439 0.925813 0.101754
0.137 0.88821 0.931343 0.109254
0.138 0.897052 0.936894 0.116754
0.139 0.905963 0.942468 0.124254
0.14 0.914946 0.948063 0.131754
0.141 0.923999 0.953681 0.139254
0.142 0.933124 0.95932 0.146754
0.143 0.942321 0.964982 0.154254
0.144 0.95159 0.970666 0.161754
0.145 0.960933 0.976373 0.169254
0.146 0.970348 0.982102 0.176754
0.147 0.979837 0.987853 0.184254
0.148 0.9894 0.993626 0.191754
0.149 0.999037 0.999422 0.199254
0.15 1 1 0.2
0.151 1 1 0.2
0.152 1 1 0.2
0.153 1 1 0.2
0.154 1 1 0.2
0.155 1 1 0.2
0.156 1 1 0.2
0.157 1 1 0.2
0.158 1 1 0.2
0.159 1 1 0.2
0.16 1 1 0.2
0.161 1 1 0.2
0.162 1 1 0.2
0.163 1 1 0.2
0.164 1 1 0.2
0.165 1 1 0.2
0.166 1 1 0.2
0.167 1 1 0.2
0.168 1 1 0.2
0.169 1 1 0.2
0.17 1 1 0.2
0.171 1 1 0.2
0.172 1 1 0.2
0.173 1 1 0.2
0.174 1 1 0.2
0.175 1 1 0.2
0.176 1 1 0.2
0.177 1 1 0.2
0.178 1 1 0.2
0.179 1 1 0.2
0.18 1 1 0.2
0.181 1 1 0.2
0.182 1 1 0.2
0.183 1 1 0.2
0.184 1 1 0.2
0.185 1 1 0.2
0.186 1 1 0.2
0.187 1 1 0.2
0.188 1 1 0.2
0.189 1 1 0.2
0.19 1 1 0.2
0.191 1 1 0.2
0.192 1 1 0.2
0.193 1 1 0.2
0.194 1 1 0.2
0.195 1 1 0.2
0.196 1 1 0.2
0.197 1 1 0.2
0.198 1 1 0.2
0.199 1 1 0.2
0.2 1 1 0.2
0.201 1 1 0.2
0.202 1 1 0.2
0.203 1 1 0.2
0.204 1 1 0.2
0.205 1 1 0.2
0.206 1 1 0.2
0.207 1 1 0.2
0.208 1 1 0.2
0.209 1 1 0.2
0.21 1 1 0.2
0.211 1 1 0.2
0.212 1 1 0.2
0.213 1 1 0.2
0.214 1 1 0.2
0.215 1 1 0.2
0.216 1 1 0.2
0.217 1 1 0.2
0.218 1 1 0.2
0.219 1 1 0.2
0.22 1 1 0.2
0.221 1 1 0.2
0.222 1 1 0.2
0.223 1 1 0.2
0.224 1 1 0.2
0.225 1 1 0.2
0.226 1 1 0.2
0.227 1 1 0.2
0.228 1 1 0.2
0.229 1 1 0.2
0.23 1 1 0.2
0.231 1 1 0.2
0.232 1 1 0.2
0.233 1 1 0.2
0.234 1 1 0.2
0.235 1 1 0.2
0.236 1 1 0.2
0.237 1 1 0.2
0.238 1 1 0.2
0.239 1 1 0.2
0.24 1 1 0.2
0.241 1 1 0.2
0.242 1 1 0.2
0.243 1 1 0.2
0.244 1 1 0.2
0.245 1 1 0.2
0.246 1 1 0.2
0.247 1 1 0.2
0.248 1 1 0.2
0.249 1 1 0.2
0.25 1 1 0.2
0.251 1 1 0.2
0.252 1 1 0.2
0.253 1 1 0.2
0.254 1 1 0.2
0.255 1 1 0.2
0.256 1 1 0.2
0.257 1 1 0.2
0.258 1 1 0.2
0.259 1 1 0.2
0.26 1 1 0.2
0.261 1 1 0.2
0.262 1 1 0.2
0.263 1 1 0.2
0.264 1 1 0.2
0.265 1 1 0.2
0.266 1 1 0.2
0.267 1 1 0.2
0.268 1 1 0.2
0.269 1 1 0.2
0.27 1 1 0.2
0.271 1 1 0.2
0.272 1 1 0.2
0.273 1 1 0.2
0.274 1 1 0.2
0.275 1 1 0.2
0.276 1 1 0.2
0.277 1 1 0.2
0.278 1 1 0.2
0.279 1 1 0.2
0.28 1 1 0.2
0.281 1 1 0.2
0.282 1 1 0.2
0.283 1 1 0.2
0.284 1 1 0.2
0.285 1 1 0.2
0.286 1 1 0.2
0.287 1 1 0.2
0.288 1 1 0.2
0.289 1 1 0.2
0.29 1 1 0.2
0.291 1 1 0.2
0.292 1 1 0.2
0.293 1 1 0.2
0.294 1 1 0.2
0.295 1 1 0.2
0.296 1 1 0.2
0.297 1 1 0.2
0.298 1 1 0.2
0.299 1 1 0.2
0.3 1 1 0.2
0.301 1 1 0.2
0.302 1 1 0.2
0.303 1 1 0.2
0.304 1 1 0.2
0.305 1 1 0.2
0.306 1 1 0.2
0.307 1 1 0.2
0.308 1 1 0.2
0.309 1 1 0.2
0.31 1 1 0.2
0.311 1 1 0.2
0.312 1 1 0.2
0.313 1 1 0.2
0.314 1 1 0.2
0.315 1 1 0.2
0.316 1 1 0.2
0.317 1 1 0.2
0.318 1 1 0.2
0.319 1 1 0.2
0.32 1 1 0.2
0.321 1 1 0.2
0.322 1 1 0.2
0.323 1 1 0.2
0.324 1 1 0.2
0.325 1 1 0.2
0.326 1 1 0.2
0.327 1 1 0.2
0.328 1 1 0.2
0.329 1 1 0.2
0.33 1 1 0.2
0.331 1 1 0.2
0.332 1 1 0.2
0.333 1 1 0.2
0.334 1 1 0.2
0.335 1 1 0.2
0.336 1 1 0.2
0.337 1 1 0.2
0.338 1 1 0.2
0.339 1 1 0.2
0.34 1 1 0.2
0.341 1 1 0.2
0.342 1 1 0.2
0.343 1 1 0.2
0.344 1 1 0.2
0.345 1 1 0.2
0.346 1 1 0.2
0.347 1 1 0.2
0.348 1 1 0.2
0.349 1 1 0.2
0.35 1 1 0.2
0.351 1 1 0.2
0.352 1 1 0.2
0.353 1 1 0.2
0.354 1 1 0.2
0.355 1 1 0.2
0.356 1 1 0.2
0.357 1 1 0.2
0.358 1 1 0.2
0.359 1 1 0.2
0.36 1 1 0.2
0.361 1 1 0.2
0.362 1 1 0.2
0.363 1 1 0.2
0.364 1 1 0.2
0.365 1 1 0.2
0.366 1 1 0.2
0.367 1 1 0.2
0.368 1 1 0.2
0.369 1 1 0.2
0.37 1 1 0.2
0.371 1 1 0.2
0.372 1 1 0.2
0.373 1 1 0.2
0.374 1 1 0.2
0.375 1 1 0.2
0.376 1 1 0.2
0.377 1 1 0.2
0.378 1 1 0.2
0.379 1 1 0.2
0.38 1 1 0.2
0.381 1 1 0.2
0.382 1 1 0.2
0.383 1 1 0.2
0.384 1 1 0.2
0.385 1 1 0.2
0.386 1 1 0.2
0.387 1 1 0.2
0.388 1 1 0.2
0.389 1 1 0.2
0.39 1 1 0.2
0.391 1 1 0.2
0.392 1 1 0.2
0.393 1 1 0.2
0.394 1 1 0.2
0.395 1 1 0.2
0.396 1 1 0.2
0.397 1 1 0.2
0.398 1 1 0.2
0.399 1 1 0.2
0.4 1 1 0.2
0.401 1 1 0.2
0.402 1 1 0.2
0.403 1 1 0.2
0.404 1 1 0.2
0.405 1 1 0.2
0.406 1 1 0.2
0.407 1 1 0.2
0.408 1 1 0.2
0.409 1 1 0.2
0.41 1 1 0.2
0.411 1 1 0.2
0.412 1 1 0.2
0.413 1 1 0.2
0.414 1 1 0.2
0.415 1 1 0.2
0.416 1 1 0.2
0.417 1 1 0.2
0.418 1 1 0.2
0.419 1 1 0.2
0.42 1 1 0.2
0.421 1 1 0.2
0.422 1 1 0.2
0.423 1 1 0.2
0.424 1 1 0.2
0.425 1 1 0.2
0.426 1 1 0.2
0.427 1 1 0.2
0.428 1 1 0.2
0.429 1 1 0.2
0.43 1 1 0.2
0.431 1 1 0.2
0.432 1 1 0.2
0.433 1 1 0.2
0.434 1 1 0.2
0.435 1 1 0.2
0.436 1 1 0.2
0.437 1 1 0.2
0.438 1 1 0.2
0.439 1 1 0.2
0.44 1 1 0.2
0.441 1 1 0.2
0.442 1 1 0.2
0.443 1 1 0.2
0.444 1 1 0.2
0.445 1 1 0.2
0.446 1 1 0.2
0.447 1 1 0.2
0.448 1 1 0.2
0.449 1 1 0.2
0.45 1 1 0.2
0.451 1 1 0.2
0.452 1 1 0.2
0.453 1 1 0.2
0.454 1 1 0.2
0.455 1 1 0.2
0.456 1 1 0.2
0.457 1 1 0.2
0.458 1 1 0.2
0.459 1 1 0.2
0.46 1 1 0.2
0.461 1 1 0.2
0.462 1 1 0.2
0.463 1 1 0.2
0.464 1 1 0.2
0.465 1 1 0.2
0.466 1 1 0.2
0.467 1 1 0.2
0.468 1 1 0.2
0.469 1 1 0.2
0.47 1 1 0.2
0.471 1 1 0.2
0.472 1 1 0.2
0.473 1 1 0.2
0.474 1 1 0.2
0.475 1 1 0.2
0.476 1 1 0.2
0.477 1 1 0.2
0.478 1 1 0.2
0.479 1 1 0.2
0.48 1 1 0.2
0.481 1 1 0.2
0.482 1 1 0.2
0.483 1 1 0.2
0.484 1 1 0.2
0.485 1 1 0.2
0.486 1 1 0.2
0.487 1 1 0.2
0.488 1 1 0.2
0.489 1 1 0.2
0.49 1 1 0.2
0.491 1 1 0.2
0.492 1 1 0.2
0.493 1 1 0.2
0.494 1 1 0.2
0.495 1 1 0.2
0.496 1 1 0.2
0.497 1 1 0.2
0.498 1 1 0.2
0.499 1 1 0.2

